2?DFJSP02
10 6 3
Operations vector:
6 6 6
6 6  6 5 6
5 6
Available machine quantity vector:
6 2 6
1 2  3 5 2
1 2  3 6 6
6 3  5 6 5
5 5  1 6 5
6 6  5 1 5
5 2  5 2 5
6 1  5 6 1
6 6  5 2 5
6 5  5 5 1
2 5  5 2 1
6 5  6 2 5
Available machine vector:
1 2 3
4 5  6 3 6
1 2  3 4 5
6 2  5 6 2
3 5  1 2 4
5 6  5 6 5
2 3  2 3 5
1 2  3 4 5
6 1  2 3 4
5 6  1 2 3
4 5  6 2 3
5 1  2 3 5
6 1  2 3 4
5 6  1 3 4
5 6  1 2 3
5 6  1 2 4
5 6  2 1 2
3 4  5 6 1
2 4  5 6 1
2 3  4 5 6
1 2  3 4 5
6 1  2 4 5
6 4  1 3 4
5 6  1 2 4
5 6  2 3 1
3 4  5 6 3
6 1  2 3 5
6 1  2 3 4
5 6  2 1 2
4 5  6 1 2
3 4  5 6 5
1 2  3 4 5
6 1  2 3 4
5 6  1 3 4
5 6  2 3 1
2 3  5 6 1
2 3  4 5 6
1 3  4 5 6
1 2  4 5 6
1 2  4 5 6
2 3  6 1 2
4 5  6 1 2
4 5  6 2 3
4 1  2 3 4
5 6  1 3 4
5 6  1 2 3
4 5  6 5 6
1 2  4 5 6
Data array:
147 2 0.9
63.6 0.9
0.6
105 3 1.35
63.6 0.9
0.6
51 4 1.8
63.6 0.9
0.6
132 1 0.45
50.7 0.5
0.7
123 2 0.9
50.7 0.5
0.7
95 3 1.35
50.7 0.5
0.7
154 2 0.9
58.3 0.9
0.7
127 3 1.35
58.3 0.9
0.7
87 3 1.35
58.3 0.9
0.7
170 4 1.8
71.6 0.9
0.6
134 6 2.7
71.6 0.9
0.6
94 6 2.7
71.6 0.9
0.6
110 2 0.9
58.1 0.6
0.9
94 3 1.35
58.1 0.6
0.9
92 3 1.35
58.1 0.6
0.9
140 5 2.25
58.9 0.6
0.8
77 5 2.25
58.9 0.6
0.8
63 5 2.25
58.9 0.6
0.8
119 3 1.35
54.2 0.8
0.6
99 5 2.25
54.2 0.8
0.6
97 5 2.25
54.2 0.8
0.6
154 5 2.25
78.6 0.6
0.6
95 6 2.7
78.6 0.6
0.6
94 6 2.7
78.6 0.6
0.6
161 1 0.45
76 0.6  0.8
112 1 0.45
76 0.6  0.8
50 3 1.35
76 0.6  0.8
192 6 2.7
73.4 0.6
0.8
84 7 3.15
73.4 0.6
0.8
71 7 3.15
73.4 0.6
0.8
106 2 0.9
78.2 0.8
0.6
62 3 1.35
78.2 0.8
0.6
52 4 1.8
78.2 0.8
0.6
172 2 0.9
50.3 0.8
0.6
170 3 1.35
50.3 0.8
0.6
90 4 1.8
50.3 0.8
0.6
183 5 2.25
74.4 0.7
0.6
157 6 2.7
74.4 0.7
0.6
135 7 3.15
74.4 0.7
0.6
162 4 1.8
69.5 0.7
0.8
130 5 2.25
69.5 0.7
0.8
51 5 2.25
69.5 0.7
0.8
116 5 2.25
79.6 0.7
0.6
108 5 2.25
79.6 0.7
0.6
51 7 3.15
79.6 0.7
0.6
187 5 2.25
74 0.9  0.5
124 5 2.25
74 0.9  0.5
90 7 3.15
74 0.9  0.5
149 3 1.35
75.8 0.8
0.7
125 4 1.8
75.8 0.8
0.7
84 4 1.8
75.8 0.8
0.7
88 1 0.45
79.8 0.7
0.7
63 1 0.45
79.8 0.7
0.7
61 2 0.9
79.8 0.7
0.7
136 1 0.45
69.6 0.6
0.6
77 1 0.45
69.6 0.6
0.6
61 3 1.35
69.6 0.6
0.6
195 2 0.9
61.5 0.8
0.5
194 3 1.35
61.5 0.8
0.5
148 3 1.35
61.5 0.8
0.5
117 3 1.35
72 0.8  0.5
103 4 1.8
72 0.8  0.5
102 4 1.8
72 0.8  0.5
174 2 0.9
52.8 0.7
0.8
106 3 1.35
52.8 0.7
0.8
62 4 1.8
52.8 0.7
0.8
168 1 0.45
69.6 0.9
0.7
140 2 0.9
69.6 0.9
0.7
92 4 1.8
69.6 0.9
0.7
110 4 1.8
56.2 0.8
0.5
110 6 2.7
56.2 0.8
0.5
109 8 3.6
56.2 0.8
0.5
142 1 0.45
62.9 0.6
0.5
125 2 0.9
62.9 0.6
0.5
102 2 0.9
62.9 0.6
0.5
138 5 2.25
53.4 0.5
0.9
124 6 2.7
53.4 0.5
0.9
95 7 3.15
53.4 0.5
0.9
191 2 0.9
70.2 0.6
0.5
151 3 1.35
70.2 0.6
0.5
54 3 1.35
70.2 0.6
0.5
184 1 0.45
75.3 0.9
0.6
167 1 0.45
75.3 0.9
0.6
56 2 0.9
75.3 0.9
0.6
200 3 1.35
50.8 0.8
0.5
152 4 1.8
50.8 0.8
0.5
66 5 2.25
50.8 0.8
0.5
173 3 1.35
58.6 0.8
0.5
164 4 1.8
58.6 0.8
0.5
105 4 1.8
58.6 0.8
0.5
187 2 0.9
57.2 0.5
0.5
94 2 0.9
57.2 0.5
0.5
63 3 1.35
57.2 0.5
0.5
199 1 0.45
68.9 0.8
0.6
116 2 0.9
68.9 0.8
0.6
86 2 0.9
68.9 0.8
0.6
178 4 1.8
63.1 0.8
0.5
163 5 2.25
63.1 0.8
0.5
128 5 2.25
63.1 0.8
0.5
151 2 0.9
55.2 0.6
0.6
94 2 0.9
55.2 0.6
0.6
84 3 1.35
55.2 0.6
0.6
184 2 0.9
68.6 0.7
0.8
155 2 0.9
68.6 0.7
0.8
100 3 1.35
68.6 0.7
0.8
127 3 1.35
65.3 0.9
0.8
117 3 1.35
65.3 0.9
0.8
86 4 1.8
65.3 0.9
0.8
170 4 1.8
52.2 0.6
0.9
166 5 2.25
52.2 0.6
0.9
134 5 2.25
52.2 0.6
0.9
181 3 1.35
59.6 0.7
0.9
135 3 1.35
59.6 0.7
0.9
94 3 1.35
59.6 0.7
0.9
193 5 2.25
77.5 0.8
0.7
165 7 3.15
77.5 0.8
0.7
84 7 3.15
77.5 0.8
0.7
178 1 0.45
52.8 0.9
0.6
127 2 0.9
52.8 0.9
0.6
102 2 0.9
52.8 0.9
0.6
185 5 2.25
78.4 0.7
0.6
149 5 2.25
78.4 0.7
0.6
137 6 2.7
78.4 0.7
0.6
158 1 0.45
60.9 0.6
0.7
60 3 1.35
60.9 0.6
0.7
54 4 1.8
60.9 0.6
0.7
197 2 0.9
64 0.7  0.5
181 3 1.35
64 0.7  0.5
123 3 1.35
64 0.7  0.5
101 6 2.7
62.2 0.8
0.8
76 6 2.7
62.2 0.8
0.8
64 6 2.7
62.2 0.8
0.8
122 5 2.25
67.5 0.8
0.8
101 5 2.25
67.5 0.8
0.8
100 5 2.25
67.5 0.8
0.8
150 2 0.9
76 0.8  0.7
123 2 0.9
76 0.8  0.7
107 3 1.35
76 0.8  0.7
194 3 1.35
53.2 0.5
0.7
193 4 1.8
53.2 0.5
0.7
167 4 1.8
53.2 0.5
0.7
168 5 2.25
57.5 0.7
0.7
156 6 2.7
57.5 0.7
0.7
52 6 2.7
57.5 0.7
0.7
144 5 2.25
72.3 0.8
0.7
72 6 2.7
72.3 0.8
0.7
64 6 2.7
72.3 0.8
0.7
120 3 1.35
55.1 0.7
0.7
86 3 1.35
55.1 0.7
0.7
81 4 1.8
55.1 0.7
0.7
161 6 2.7
75.2 0.8
0.6
114 6 2.7
75.2 0.8
0.6
103 8 3.6
75.2 0.8
0.6
104 1 0.45
54.1 0.7
0.5
94 1 0.45
54.1 0.7
0.5
85 3 1.35
54.1 0.7
0.5
176 1 0.45
64.3 0.9
0.6
158 2 0.9
64.3 0.9
0.6
114 3 1.35
64.3 0.9
0.6
159 4 1.8
79.6 0.7
0.8
136 5 2.25
79.6 0.7
0.8
107 5 2.25
79.6 0.7
0.8
195 2 0.9
64.9 0.6
0.7
143 5 2.25
64.9 0.6
0.7
120 5 2.25
64.9 0.6
0.7
181 1 0.45
60 0.8  0.7
173 4 1.8
60 0.8  0.7
169 4 1.8
60 0.8  0.7
175 5 2.25
66.3 0.6
0.6
130 6 2.7
66.3 0.6
0.6
62 7 3.15
66.3 0.6
0.6
165 1 0.45
71.3 0.6
0.8
123 2 0.9
71.3 0.6
0.8
82 2 0.9
71.3 0.6
0.8
195 1 0.45
73.5 0.8
0.6
94 3 1.35
73.5 0.8
0.6
81 4 1.8
73.5 0.8
0.6
137 4 1.8
50.3 0.8
0.5
98 5 2.25
50.3 0.8
0.5
59 5 2.25
50.3 0.8
0.5
184 4 1.8
66 0.9  0.7
125 5 2.25
66 0.9  0.7
51 6 2.7
66 0.9  0.7
80 2 0.9
71.9 0.8
0.9
68 3 1.35
71.9 0.8
0.9
54 4 1.8
71.9 0.8
0.9
199 1 0.45
54.5 0.6
0.6
124 1 0.45
54.5 0.6
0.6
74 2 0.9
54.5 0.6
0.6
170 5 2.25
61.1 0.6
0.9
113 6 2.7
61.1 0.6
0.9
107 6 2.7
61.1 0.6
0.9
173 3 1.35
55.7 0.8
0.5
159 4 1.8
55.7 0.8
0.5
82 4 1.8
55.7 0.8
0.5
153 3 1.35
61.2 0.6
0.9
150 4 1.8
61.2 0.6
0.9
125 5 2.25
61.2 0.6
0.9
156 6 2.7
65.4 0.8
0.7
147 7 3.15
65.4 0.8
0.7
126 7 3.15
65.4 0.8
0.7
188 5 2.25
76.5 0.9
0.9
184 6 2.7
76.5 0.9
0.9
80 8 3.6
76.5 0.9
0.9
148 2 0.9
74.9 0.8
0.8
85 2 0.9
74.9 0.8
0.8
54 4 1.8
74.9 0.8
0.8
159 3 1.35
50.4 0.9
0.9
94 3 1.35
50.4 0.9
0.9
87 5 2.25
50.4 0.9
0.9
130 4 1.8
52.6 0.8
0.5
119 5 2.25
52.6 0.8
0.5
116 7 3.15
52.6 0.8
0.5
125 2 0.9
64.1 0.7
0.7
114 2 0.9
64.1 0.7
0.7
63 2 0.9
64.1 0.7
0.7
187 5 2.25
68.8 0.6
0.5
162 6 2.7
68.8 0.6
0.5
51 6 2.7
68.8 0.6
0.5
146 1 0.45
67.1 0.8
0.7
71 2 0.9
67.1 0.8
0.7
53 3 1.35
67.1 0.8
0.7
180 3 1.35
72.1 0.8
0.8
180 3 1.35
72.1 0.8
0.8
137 3 1.35
72.1 0.8
0.8
178 1 0.45
78.7 0.9
0.9
164 1 0.45
78.7 0.9
0.9
80 2 0.9
78.7 0.9
0.9
159 2 0.9
72.4 0.5
0.7
126 2 0.9
72.4 0.5
0.7
63 3 1.35
72.4 0.5
0.7
198 1 0.45
77.1 0.6
0.8
172 2 0.9
77.1 0.6
0.8
143 2 0.9
77.1 0.6
0.8
177 6 2.7
69.7 0.5
0.8
119 6 2.7
69.7 0.5
0.8
59 7 3.15
69.7 0.5
0.8
182 2 0.9
64.8 0.5
0.8
103 2 0.9
64.8 0.5
0.8
85 2 0.9
64.8 0.5
0.8
126 7 3.15
63.5 0.6
0.8
115 7 3.15
63.5 0.6
0.8
60 7 3.15
63.5 0.6
0.8
171 1 0.45
78.1 0.6
0.7
171 1 0.45
78.1 0.6
0.7
70 2 0.9
78.1 0.6
0.7
152 5 2.25
72.2 0.7
0.7
79 7 3.15
72.2 0.7
0.7
77 8 3.6
72.2 0.7
0.7
186 2 0.9
78.2 0.8
0.8
151 3 1.35
78.2 0.8
0.8
59 4 1.8
78.2 0.8
0.8
170 2 0.9
73.8 0.7
0.8
55 4 1.8
73.8 0.7
0.8
50 5 2.25
73.8 0.7
0.8
173 5 2.25
54.7 0.7
0.9
94 6 2.7
54.7 0.7
0.9
58 7 3.15
54.7 0.7
0.9
152 3 1.35
60 0.8  0.7
107 5 2.25
60 0.8  0.7
62 6 2.7
60 0.8  0.7
183 3 1.35
64.1 0.9
0.6
152 3 1.35
64.1 0.9
0.6
112 5 2.25
64.1 0.9
0.6
197 2 0.9
60.8 0.8
0.7
172 3 1.35
60.8 0.8
0.7
136 3 1.35
60.8 0.8
0.7
136 4 1.8
51.4 0.5
0.5
77 5 2.25
51.4 0.5
0.5
54 6 2.7
51.4 0.5
0.5
166 4 1.8
51.3 0.8
0.8
119 6 2.7
51.3 0.8
0.8
59 6 2.7
51.3 0.8
0.8
190 1 0.45
62.2 0.8
0.7
166 3 1.35
62.2 0.8
0.7
106 4 1.8
62.2 0.8
0.7
199 3 1.35
66.8 0.9
0.5
146 4 1.8
66.8 0.9
0.5
102 6 2.7
66.8 0.9
0.5
143 2 0.9
63.4 0.6
0.6
83 4 1.8
63.4 0.6
0.6
72 5 2.25
63.4 0.6
0.6
152 1 0.45
55.1 0.7
0.7
111 2 0.9
55.1 0.7
0.7
87 3 1.35
55.1 0.7
0.7
161 1 0.45
76.5 0.6
0.8
105 2 0.9
76.5 0.6
0.8
77 3 1.35
76.5 0.6
0.8
168 4 1.8
56.6 0.7
0.7
152 5 2.25
56.6 0.7
0.7
61 6 2.7
56.6 0.7
0.7
176 3 1.35
57.9 0.5
0.5
163 4 1.8
57.9 0.5
0.5
152 5 2.25
57.9 0.5
0.5
173 1 0.45
54.1 0.6
0.6
108 2 0.9
54.1 0.6
0.6
77 3 1.35
54.1 0.6
0.6
195 2 0.9
57.9 0.8
0.5
195 3 1.35
57.9 0.8
0.5
92 4 1.8
57.9 0.8
0.5
122 6 2.7
71.4 0.7
0.7
96 7 3.15
71.4 0.7
0.7
77 7 3.15
71.4 0.7
0.7
164 6 2.7
76.9 0.5
0.6
117 6 2.7
76.9 0.5
0.6
116 6 2.7
76.9 0.5
0.6
193 2 0.9
64.4 0.6
0.7
73 2 0.9
64.4 0.6
0.7
53 4 1.8
64.4 0.6
0.7
73 6 2.7
56.4 0.6
0.8
64 7 3.15
56.4 0.6
0.8
53 8 3.6
56.4 0.6
0.8
134 4 1.8
70.8 0.5
0.5
124 5 2.25
70.8 0.5
0.5
77 5 2.25
70.8 0.5
0.5
197 3 1.35
73.5 0.7
0.6
181 3 1.35
73.5 0.7
0.6
110 4 1.8
73.5 0.7
0.6
127 3 1.35
72.5 0.5
0.9
99 4 1.8
72.5 0.5
0.9
51 5 2.25
72.5 0.5
0.9
109 3 1.35
77.2 0.8
0.6
70 4 1.8
77.2 0.8
0.6
69 5 2.25
77.2 0.8
0.6
157 2 0.9
64.7 0.7
0.8
100 4 1.8
64.7 0.7
0.8
55 5 2.25
64.7 0.7
0.8
113 3 1.35
79.3 0.6
0.9
80 4 1.8
79.3 0.6
0.9
63 5 2.25
79.3 0.6
0.9
79 3 1.35
57.5 0.6
0.8
66 5 2.25
57.5 0.6
0.8
57 5 2.25
57.5 0.6
0.8
115 5 2.25
67.3 0.6
0.6
72 6 2.7
67.3 0.6
0.6
54 6 2.7
67.3 0.6
0.6
156 5 2.25
64.1 0.6
0.6
107 6 2.7
64.1 0.6
0.6
88 7 3.15
64.1 0.6
0.6
155 3 1.35
60.8 0.6
0.5
98 4 1.8
60.8 0.6
0.5
56 4 1.8
60.8 0.6
0.5
198 2 0.9
63.9 0.6
0.6
142 2 0.9
63.9 0.6
0.6
104 3 1.35
63.9 0.6
0.6
160 3 1.35
54.3 0.5
0.8
147 4 1.8
54.3 0.5
0.8
143 5 2.25
54.3 0.5
0.8
174 3 1.35
75.1 0.7
0.7
145 5 2.25
75.1 0.7
0.7
78 5 2.25
75.1 0.7
0.7
170 1 0.45
53.5 0.8
0.6
111 1 0.45
53.5 0.8
0.6
99 1 0.45
53.5 0.8
0.6
140 5 2.25
62.4 0.9
0.8
87 6 2.7
62.4 0.9
0.8
62 7 3.15
62.4 0.9
0.8
158 1 0.45
61.1 0.8
0.9
119 2 0.9
61.1 0.8
0.9
55 3 1.35
61.1 0.8
0.9
113 4 1.8
71.1 0.6
0.9
75 4 1.8
71.1 0.6
0.9
64 4 1.8
71.1 0.6
0.9
181 4 1.8
51.3 0.6
0.6
128 4 1.8
51.3 0.6
0.6
88 4 1.8
51.3 0.6
0.6
192 3 1.35
60.8 0.8
0.7
158 5 2.25
60.8 0.8
0.7
147 5 2.25
60.8 0.8
0.7
163 5 2.25
54.7 0.9
0.6
113 7 3.15
54.7 0.9
0.6
105 8 3.6
54.7 0.9
0.6
192 5 2.25
57.7 0.6
0.7
192 6 2.7
57.7 0.6
0.7
82 7 3.15
57.7 0.6
0.7
151 2 0.9
55.1 0.8
0.7
83 3 1.35
55.1 0.8
0.7
57 5 2.25
55.1 0.8
0.7
160 1 0.45
62.8 0.8
0.9
110 4 1.8
62.8 0.8
0.9
56 4 1.8
62.8 0.8
0.9
105 3 1.35
76.6 0.5
0.7
104 5 2.25
76.6 0.5
0.7
102 5 2.25
76.6 0.5
0.7
152 5 2.25
78.9 0.5
0.7
115 5 2.25
78.9 0.5
0.7
99 6 2.7
78.9 0.5
0.7
161 4 1.8
70.5 0.9
0.8
152 5 2.25
70.5 0.9
0.8
57 6 2.7
70.5 0.9
0.8
179 2 0.9
55.8 0.8
0.7
98 2 0.9
55.8 0.8
0.7
72 3 1.35
55.8 0.8
0.7
118 4 1.8
69.3 0.6
0.6
113 5 2.25
69.3 0.6
0.6
100 6 2.7
69.3 0.6
0.6
198 1 0.45
67.7 0.7
0.7
144 1 0.45
67.7 0.7
0.7
94 1 0.45
67.7 0.7
0.7
149 2 0.9
67.6 0.7
0.7
128 2 0.9
67.6 0.7
0.7
100 3 1.35
67.6 0.7
0.7
161 1 0.45
76 0.6  0.5
58 2 0.9
76 0.6  0.5
54 3 1.35
76 0.6  0.5
158 5 2.25
64.9 0.5
0.5
141 5 2.25
64.9 0.5
0.5
106 5 2.25
64.9 0.5
0.5
178 7 3.15
55.9 0.6
0.7
163 7 3.15
55.9 0.6
0.7
133 7 3.15
55.9 0.6
0.7
140 5 2.25
68.8 0.8
0.6
111 6 2.7
68.8 0.8
0.6
56 7 3.15
68.8 0.8
0.6
125 2 0.9
73.3 0.6
0.6
87 2 0.9
73.3 0.6
0.6
78 3 1.35
73.3 0.6
0.6
186 4 1.8
58 0.5  0.9
127 5 2.25
58 0.5  0.9
56 6 2.7
58 0.5  0.9
146 5 2.25
66.1 0.9
0.7
108 6 2.7
66.1 0.9
0.7
72 9 4.05
66.1 0.9
0.7
170 1 0.45
74.1 0.8
0.9
168 2 0.9
74.1 0.8
0.9
167 2 0.9
74.1 0.8
0.9
109 3 1.35
60.5 0.8
0.6
99 5 2.25
60.5 0.8
0.6
57 5 2.25
60.5 0.8
0.6
117 1 0.45
74 0.8  0.8
91 1 0.45
74 0.8  0.8
65 2 0.9
74 0.8  0.8
168 5 2.25
78.7 0.7
0.8
125 6 2.7
78.7 0.7
0.8
109 6 2.7
78.7 0.7
0.8
195 1 0.45
70.4 0.5
0.7
172 2 0.9
70.4 0.5
0.7
86 3 1.35
70.4 0.5
0.7
159 4 1.8
62.9 0.6
0.9
142 5 2.25
62.9 0.6
0.9
123 6 2.7
62.9 0.6
0.9
196 3 1.35
73.3 0.5
0.8
111 3 1.35
73.3 0.5
0.8
60 4 1.8
73.3 0.5
0.8
155 2 0.9
57.9 0.8
0.9
143 3 1.35
57.9 0.8
0.9
61 4 1.8
57.9 0.8
0.9
167 1 0.45
50.1 0.9
0.5
130 1 0.45
50.1 0.9
0.5
123 2 0.9
50.1 0.9
0.5
168 5 2.25
77.6 0.7
0.8
149 5 2.25
77.6 0.7
0.8
77 6 2.7
77.6 0.7
0.8
175 2 0.9
67.3 0.7
0.8
143 2 0.9
67.3 0.7
0.8
85 3 1.35
67.3 0.7
0.8
131 1 0.45
64.5 0.6
0.9
95 2 0.9
64.5 0.6
0.9
74 3 1.35
64.5 0.6
0.9
182 1 0.45
63.9 0.7
0.5
159 1 0.45
63.9 0.7
0.5
146 3 1.35
63.9 0.7
0.5
116 2 0.9
68.7 0.8
0.8
83 3 1.35
68.7 0.8
0.8
59 3 1.35
68.7 0.8
0.8
180 5 2.25
57.4 0.7
0.8
153 5 2.25
57.4 0.7
0.8
60 7 3.15
57.4 0.7
0.8
135 5 2.25
60.7 0.8
0.6
130 5 2.25
60.7 0.8
0.6
97 7 3.15
60.7 0.8
0.6
192 3 1.35
54.6 0.7
0.9
107 3 1.35
54.6 0.7
0.9
103 4 1.8
54.6 0.7
0.9
189 5 2.25
62.5 0.9
0.8
163 7 3.15
62.5 0.9
0.8
154 7 3.15
62.5 0.9
0.8
167 2 0.9
60.4 0.7
0.9
149 3 1.35
60.4 0.7
0.9
132 4 1.8
60.4 0.7
0.9
155 1 0.45
66 0.9  0.9
73 1 0.45
66 0.9  0.9
59 2 0.9
66 0.9  0.9
176 3 1.35
72.9 0.8
0.5
127 4 1.8
72.9 0.8
0.5
62 4 1.8
72.9 0.8
0.5
197 4 1.8
53.1 0.6
0.6
193 7 3.15
53.1 0.6
0.6
157 7 3.15
53.1 0.6
0.6
158 3 1.35
76.8 0.7
0.6
120 3 1.35
76.8 0.7
0.6
88 4 1.8
76.8 0.7
0.6
159 6 2.7
62 0.7  0.5
83 7 3.15
62 0.7  0.5
54 7 3.15
62 0.7  0.5
143 3 1.35
60.1 0.7
0.8
90 4 1.8
60.1 0.7
0.8
55 4 1.8
60.1 0.7
0.8
190 5 2.25
75.9 0.9
0.6
117 6 2.7
75.9 0.9
0.6
57 6 2.7
75.9 0.9
0.6
197 7 3.15
50.6 0.6
0.8
81 7 3.15
50.6 0.6
0.8
73 8 3.6
50.6 0.6
0.8
137 2 0.9
74.9 0.6
0.7
135 3 1.35
74.9 0.6
0.7
75 5 2.25
74.9 0.6
0.7
175 2 0.9
77.3 0.8
0.9
170 3 1.35
77.3 0.8
0.9
143 3 1.35
77.3 0.8
0.9
119 3 1.35
55.6 0.5
0.9
114 4 1.8
55.6 0.5
0.9
58 5 2.25
55.6 0.5
0.9
101 2 0.9
69.3 0.9
0.7
62 3 1.35
69.3 0.9
0.7
61 3 1.35
69.3 0.9
0.7
108 4 1.8
72.9 0.7
0.9
91 4 1.8
72.9 0.7
0.9
60 5 2.25
72.9 0.7
0.9
151 3 1.35
72.6 0.8
0.8
143 4 1.8
72.6 0.8
0.8
101 5 2.25
72.6 0.8
0.8
145 4 1.8
60.8 0.6
0.8
144 5 2.25
60.8 0.6
0.8
111 6 2.7
60.8 0.6
0.8
174 1 0.45
75 0.8  0.9
120 2 0.9
75 0.8  0.9
114 2 0.9
75 0.8  0.9
181 3 1.35
53.6 0.7
0.9
165 3 1.35
53.6 0.7
0.9
162 3 1.35
53.6 0.7
0.9
191 2 0.9
52.6 0.8
0.7
158 2 0.9
52.6 0.8
0.7
119 4 1.8
52.6 0.8
0.7
99 2 0.9
68.8 0.5
0.8
59 4 1.8
68.8 0.5
0.8
55 4 1.8
68.8 0.5
0.8
157 6 2.7
79.8 0.8
0.7
95 6 2.7
79.8 0.8
0.7
89 6 2.7
79.8 0.8
0.7
136 4 1.8
68 0.7  0.9
108 5 2.25
68 0.7  0.9
99 7 3.15
68 0.7  0.9
73 1 0.45
53.8 0.8
0.7
72 3 1.35
53.8 0.8
0.7
68 4 1.8
53.8 0.8
0.7
187 7 3.15
55.6 0.6
0.9
176 7 3.15
55.6 0.6
0.9
156 8 3.6
55.6 0.6
0.9
189 3 1.35
65.1 0.6
0.6
92 4 1.8
65.1 0.6
0.6
63 6 2.7
65.1 0.6
0.6
179 5 2.25
58.7 0.8
0.7
140 6 2.7
58.7 0.8
0.7
56 6 2.7
58.7 0.8
0.7
127 5 2.25
69.6 0.6
0.6
120 5 2.25
69.6 0.6
0.6
65 6 2.7
69.6 0.6
0.6
156 2 0.9
65.7 0.9
0.6
152 3 1.35
65.7 0.9
0.6
81 4 1.8
65.7 0.9
0.6
184 2 0.9
70.6 0.5
0.9
175 3 1.35
70.6 0.5
0.9
142 4 1.8
70.6 0.5
0.9
188 4 1.8
65.4 0.8
0.8
130 5 2.25
65.4 0.8
0.8
117 6 2.7
65.4 0.8
0.8
131 3 1.35
75.3 0.7
0.6
123 3 1.35
75.3 0.7
0.6
102 4 1.8
75.3 0.7
0.6
129 4 1.8
56.1 0.8
0.6
96 4 1.8
56.1 0.8
0.6
84 6 2.7
56.1 0.8
0.6
192 5 2.25
76.4 0.8
0.8
166 5 2.25
76.4 0.8
0.8
158 7 3.15
76.4 0.8
0.8
128 1 0.45
61 0.7  0.8
114 3 1.35
61 0.7  0.8
95 4 1.8
61 0.7  0.8
198 3 1.35
61.5 0.9
0.7
171 4 1.8
61.5 0.9
0.7
133 4 1.8
61.5 0.9
0.7
165 4 1.8
53.3 0.5
0.6
120 4 1.8
53.3 0.5
0.6
113 5 2.25
53.3 0.5
0.6
165 1 0.45
75.1 0.5
0.7
152 1 0.45
75.1 0.5
0.7
83 2 0.9
75.1 0.5
0.7
190 6 2.7
66.4 0.7
0.5
162 7 3.15
66.4 0.7
0.5
60 7 3.15
66.4 0.7
0.5
140 1 0.45
72.5 0.6
0.8
105 1 0.45
72.5 0.6
0.8
95 1 0.45
72.5 0.6
0.8
150 7 3.15
61.9 0.8
0.6
129 7 3.15
61.9 0.8
0.6
55 8 3.6
61.9 0.8
0.6
115 3 1.35
52.3 0.7
0.6
112 4 1.8
52.3 0.7
0.6
102 5 2.25
52.3 0.7
0.6
188 4 1.8
79.5 0.6
0.5
132 5 2.25
79.5 0.6
0.5
102 7 3.15
79.5 0.6
0.5
173 3 1.35
76.6 0.9
0.6
88 4 1.8
76.6 0.9
0.6
54 5 2.25
76.6 0.9
0.6
199 4 1.8
68.4 0.6
0.6
113 4 1.8
68.4 0.6
0.6
65 4 1.8
68.4 0.6
0.6
118 2 0.9
60.7 0.6
0.9
66 3 1.35
60.7 0.6
0.9
60 5 2.25
60.7 0.6
0.9
187 7 3.15
72.3 0.7
0.9
168 7 3.15
72.3 0.7
0.9
104 7 3.15
72.3 0.7
0.9
186 1 0.45
73 0.6  0.6
121 1 0.45
73 0.6  0.6
54 1 0.45
73 0.6  0.6
191 3 1.35
53 0.7  0.7
158 3 1.35
53 0.7  0.7
72 5 2.25
53 0.7  0.7
185 1 0.45
58.1 0.5
0.6
174 4 1.8
58.1 0.5
0.6
141 4 1.8
58.1 0.5
0.6
161 4 1.8
79.1 0.7
0.9
112 4 1.8
79.1 0.7
0.9
58 4 1.8
79.1 0.7
0.9
142 4 1.8
75.6 0.6
0.7
72 5 2.25
75.6 0.6
0.7
67 6 2.7
75.6 0.6
0.7
193 1 0.45
53.2 0.8
0.8
184 3 1.35
53.2 0.8
0.8
93 5 2.25
53.2 0.8
0.8
175 2 0.9
60.4 0.8
0.7
138 4 1.8
60.4 0.8
0.7
97 6 2.7
60.4 0.8
0.7
145 2 0.9
69.1 0.8
0.8
91 3 1.35
69.1 0.8
0.8
82 4 1.8
69.1 0.8
0.8
167 2 0.9
61.8 0.7
0.8
156 4 1.8
61.8 0.7
0.8
75 4 1.8
61.8 0.7
0.8
177 1 0.45
76.7 0.9
0.6
138 3 1.35
76.7 0.9
0.6
113 3 1.35
76.7 0.9
0.6
191 3 1.35
60.4 0.9
0.6
81 4 1.8
60.4 0.9
0.6
80 5 2.25
60.4 0.9
0.6
139 6 2.7
76 0.9  0.7
55 7 3.15
76 0.9  0.7
53 7 3.15
76 0.9  0.7
172 5 2.25
51.2 0.5
0.8
92 6 2.7
51.2 0.5
0.8
59 6 2.7
51.2 0.5
0.8
165 1 0.45
53.9 0.7
0.7
125 3 1.35
53.9 0.7
0.7
77 3 1.35
53.9 0.7
0.7
155 6 2.7
72.3 0.8
0.9
147 7 3.15
72.3 0.8
0.9
147 7 3.15
72.3 0.8
0.9
185 3 1.35
56.7 0.6
0.6
183 4 1.8
56.7 0.6
0.6
108 6 2.7
56.7 0.6
0.6
120 6 2.7
59.9 0.6
0.8
68 6 2.7
59.9 0.6
0.8
57 7 3.15
59.9 0.6
0.8
173 6 2.7
61.2 0.9
0.7
89 7 3.15
61.2 0.9
0.7
69 7 3.15
61.2 0.9
0.7
179 2 0.9
72.3 0.7
0.5
165 2 0.9
72.3 0.7
0.5
165 3 1.35
72.3 0.7
0.5
189 3 1.35
68.9 0.8
0.8
180 3 1.35
68.9 0.8
0.8
115 4 1.8
68.9 0.8
0.8
140 5 2.25
69.7 0.6
0.8
97 5 2.25
69.7 0.6
0.8
89 7 3.15
69.7 0.6
0.8
199 3 1.35
60.1 0.5
0.7
175 3 1.35
60.1 0.5
0.7
78 5 2.25
60.1 0.5
0.7
156 2 0.9
80 0.7  0.8
116 3 1.35
80 0.7  0.8
71 4 1.8
80 0.7  0.8
197 1 0.45
65.2 0.5
0.5
116 1 0.45
65.2 0.5
0.5
109 2 0.9
65.2 0.5
0.5
195 3 1.35
54.9 0.5
0.7
191 5 2.25
54.9 0.5
0.7
100 6 2.7
54.9 0.5
0.7
191 2 0.9
69.6 0.7
0.7
117 3 1.35
69.6 0.7
0.7
52 3 1.35
69.6 0.7
0.7
143 5 2.25
65.8 0.6
0.6
67 6 2.7
65.8 0.6
0.6
52 8 3.6
65.8 0.6
0.6
183 2 0.9
64 0.8  0.7
175 3 1.35
64 0.8  0.7
76 3 1.35
64 0.8  0.7
183 2 0.9
63.5 0.7
0.8
67 3 1.35
63.5 0.7
0.8
50 3 1.35
63.5 0.7
0.8
191 5 2.25
67.5 0.8
0.9
174 6 2.7
67.5 0.8
0.9
154 6 2.7
67.5 0.8
0.9
165 1 0.45
61.9 0.7
0.6
115 1 0.45
61.9 0.7
0.6
98 4 1.8
61.9 0.7
0.6
191 6 2.7
61.6 0.9
0.7
185 7 3.15
61.6 0.9
0.7
121 7 3.15
61.6 0.9
0.7
190 1 0.45
57.4 0.9
0.7
177 1 0.45
57.4 0.9
0.7
129 2 0.9
57.4 0.9
0.7
