1?DFJSP01
10 6 3
Operations vector:
6 5 5
5 6  6 5 5
6 6
Available machine quantity vector:
2 3 2
3 1  3 1 1
1 2  3 1 2
3 3  2 3 1
1 3  2 3 3
1 2  2 3 2
1 3  1 3 2
1 2  3 3 1
2 3  3 1 2
1 2  3 1 3
2 2  3 3 1
2 2
Available machine vector:
1 3 2
3 5  3 6 1
2 6  3 3 4
6 2  3 1 2
4 1  2 6 2
3 6  1 2 6
2 3  6 1 5
1 2  6 2 3
2 3  5 3 6
2 3  5 1 2
6 2  1 3 2
4 2  3 6 3
6 1  2 3 6
2 1  2 6 1
4 6  1 4 2
3 6  1 2 5
3 3  6 2 3
6 1  2 6 2
2 4  6 1 5
3 4  6 1 2
3 6  2 4 3
6 2  3 6 2
3 5  6 2 4
1 4
Data array:
199 4 1.8
60 0.5  0.7
156 5 2.25
60 0.5  0.7
142 6 2.7
60 0.5  0.7
126 4 1.8
76.6 0.7
0.8
103 4 1.8
76.6 0.7
0.8
51 5 2.25
76.6 0.7
0.83
146 1 0.45
57.1 0.7
0.9
137 2 0.9
57.1 0.7
0.9
56 2 0.9
57.1 0.7
0.9
196 3 1.35
52.3 0.8
0.6
98 4 1.8
52.3 0.8
0.6
65 5 2.25
52.3 0.8
0.6
153 4 1.8
73.2 0.8
0.6
88 4 1.8
73.2 0.8
0.6
68 4 1.8
73.2 0.8
0.6
158 4 1.8
71 0.7  0.6
139 4 1.8
71 0.7  0.6
87 5 2.25
71 0.7  0.6
181 1 0.45
73.1 0.6
0.7
161 1 0.45
73.1 0.6
0.7
94 1 0.45
73.1 0.6
0.7
141 1 0.45
66.1 0.9
0.5
135 1 0.45
66.1 0.9
0.5
112 1 0.45
66.1 0.9
0.5
165 5 2.25
65.6 0.8
0.6
157 6 2.7
65.6 0.8
0.6
71 6 2.7
65.6 0.8
0.6
132 5 2.25
55.3 0.7
0.7
125 5 2.25
55.3 0.7
0.7
55 6 2.7
55.3 0.7
0.7
157 1 0.45
71.3 0.6
0.7
152 2 0.9
71.3 0.6
0.7
80 2 0.9
71.3 0.6
0.7
140 4 1.8
77.6 0.8
0.8
107 5 2.25
77.6 0.8
0.8
99 7 3.15
77.6 0.8
0.8
168 4 1.8
69.1 0.7
0.8
93 4 1.8
69.1 0.7
0.8
84 4 1.8
69.1 0.7
0.8
107 5 2.25
51 0.8  0.5
65 7 3.15
51 0.8  0.5
61 7 3.15
51 0.8  0.5
146 6 2.7
71.3 0.9
0.8
121 6 2.7
71.3 0.9
0.8
83 6 2.7
71.3 0.9
0.8
188 1 0.45
65.6 0.8
0.9
152 1 0.45
65.6 0.8
0.9
96 2 0.9
65.6 0.8
0.9
173 2 0.9
60.7 0.6
0.7
134 3 1.35
60.7 0.6
0.7
117 5 2.25
60.7 0.6
0.7
173 6 2.7
61.3 0.9
0.9
129 6 2.7
61.3 0.9
0.9
111 8 3.6
61.3 0.9
0.9
137 4 1.8
56.4 0.7
0.9
122 5 2.25
56.4 0.7
0.9
81 5 2.25
56.4 0.7
0.9
197 1 0.45
74.7 0.8
0.6
156 1 0.45
74.7 0.8
0.6
145 3 1.35
74.7 0.8
0.6
144 6 2.7
78.4 0.8
0.5
128 6 2.7
78.4 0.8
0.5
112 7 3.15
78.4 0.8
0.5
163 3 1.35
50.4 0.7
0.8
123 6 2.7
50.4 0.7
0.8
108 6 2.7
50.4 0.7
0.8
199 5 2.25
62.9 0.9
0.6
156 7 3.15
62.9 0.9
0.6
73 7 3.15
62.9 0.9
0.6
119 3 1.35
56.6 0.7
0.8
100 4 1.8
56.6 0.7
0.8
95 4 1.8
56.6 0.7
0.8
176 1 0.45
76 0.6  0.8
169 1 0.45
76 0.6  0.8
151 3 1.35
76 0.6  0.8
183 2 0.9
73.8 0.6
0.7
126 2 0.9
73.8 0.6
0.7
95 2 0.9
73.8 0.6
0.7
166 5 2.25
69.6 0.8
0.8
126 6 2.7
69.6 0.8
0.8
118 7 3.15
69.6 0.8
0.8
192 4 1.8
59.9 0.5
0.8
162 5 2.25
59.9 0.5
0.8
62 5 2.25
59.9 0.5
0.8
197 6 2.7
54.9 0.7
0.7
127 6 2.7
54.9 0.7
0.7
96 8 3.6
54.9 0.7
0.7
189 4 1.8
68.3 0.7
0.7
138 4 1.8
68.3 0.7
0.7
63 5 2.25
68.3 0.7
0.7
198 6 2.7
65.2 0.6
0.9
194 6 2.7
65.2 0.6
0.9
109 6 2.7
65.2 0.6
0.9
102 1 0.45
70.8 0.8
0.8
82 3 1.35
70.8 0.8
0.8
81 3 1.35
70.8 0.8
0.8
123 4 1.8
63.7 0.8
0.9
85 5 2.25
63.7 0.8
0.9
70 5 2.25
63.7 0.8
0.9
147 1 0.45
74.5 0.9
0.7
101 2 0.9
74.5 0.9
0.7
78 2 0.9
74.5 0.9
0.7
198 4 1.8
74.6 0.7
0.8
176 6 2.7
74.6 0.7
0.8
172 6 2.7
74.6 0.7
0.8
112 5 2.25
57.1 0.9
0.7
94 6 2.7
57.1 0.9
0.7
82 6 2.7
57.1 0.9
0.7
133 5 2.25
56.9 0.5
0.7
108 5 2.25
56.9 0.5
0.7
73 6 2.7
56.9 0.5
0.7
132 1 0.45
53.6 0.6
0.9
93 1 0.45
53.6 0.6
0.9
56 2 0.9
53.6 0.6
0.9
181 1 0.45
70.4 0.6
0.8
89 2 0.9
70.4 0.6
0.8
72 2 0.9
70.4 0.6
0.8
123 4 1.8
74.1 0.5
0.6
122 4 1.8
74.1 0.5
0.6
91 7 3.15
74.1 0.5
0.6
88 3 1.35
66.3 0.5
0.8
88 3 1.35
66.3 0.5
0.8
66 3 1.35
66.3 0.5
0.8
189 5 2.25
76.2 0.6
0.6
99 5 2.25
76.2 0.6
0.6
79 6 2.7
76.2 0.6
0.6
131 2 0.9
61 0.7  0.8
59 2 0.9
61 0.7  0.8
52 2 0.9
61 0.7  0.8
162 1 0.45
54 0.9  0.9
145 1 0.45
54 0.9  0.9
82 1 0.45
54 0.9  0.9
152 5 2.25
54 0.7  0.6
118 6 2.7
54 0.7  0.6
117 6 2.7
54 0.7  0.6
131 3 1.35
50.7 0.7
0.6
77 3 1.35
50.7 0.7
0.6
71 5 2.25
50.7 0.7
0.6
181 1 0.45
54.9 0.7
0.9
135 2 0.9
54.9 0.7
0.9
67 3 1.35
54.9 0.7
0.9
166 5 2.25
64.1 0.6
0.6
114 6 2.7
64.1 0.6
0.6
94 6 2.7
64.1 0.6
0.6
176 4 1.8
66.2 0.7
0.6
114 5 2.25
66.2 0.7
0.6
93 6 2.7
66.2 0.7
0.6
195 5 2.25
60.4 0.5
0.7
102 6 2.7
60.4 0.5
0.7
67 7 3.15
60.4 0.5
0.7
122 5 2.25
53.8 0.9
0.6
119 6 2.7
53.8 0.9
0.6
68 7 3.15
53.8 0.9
0.6
98 3 1.35
77.1 0.8
0.9
90 3 1.35
77.1 0.8
0.9
89 5 2.25
77.1 0.8
0.9
167 4 1.8
73 0.7  0.8
77 6 2.7
73 0.7  0.8
58 6 2.7
73 0.7  0.8
163 6 2.7
58.9 0.5
0.7
108 6 2.7
58.9 0.5
0.7
83 6 2.7
58.9 0.5
0.7
132 5 2.25
63.3 0.8
0.8
100 6 2.7
63.3 0.8
0.8
74 7 3.15
63.3 0.8
0.8
125 3 1.35
65.9 0.8
0.7
72 5 2.25
65.9 0.8
0.7
65 5 2.25
65.9 0.8
0.7
171 5 2.25
59.5 0.6
0.6
117 7 3.15
59.5 0.6
0.6
98 7 3.15
59.5 0.6
0.6
166 4 1.8
68.1 0.8
0.6
64 4 1.8
68.1 0.8
0.6
60 5 2.25
68.1 0.8
0.6
162 1 0.45
67.5 0.6
0.9
151 2 0.9
67.5 0.6
0.9
104 4 1.8
67.5 0.6
0.9
149 1 0.45
57.9 0.9
0.6
107 1 0.45
57.9 0.9
0.6
74 2 0.9
57.9 0.9
0.6
177 5 2.25
67.1 0.8
0.6
138 6 2.7
67.1 0.8
0.6
73 6 2.7
67.1 0.8
0.6
150 4 1.8
78.5 0.9
0.6
81 5 2.25
78.5 0.9
0.6
67 6 2.7
78.5 0.9
0.6
175 5 2.25
54.8 0.8
0.9
56 5 2.25
54.8 0.8
0.9
53 6 2.7
54.8 0.8
0.9
182 5 2.25
76.3 0.5
0.9
123 6 2.7
76.3 0.5
0.9
115 6 2.7
76.3 0.5
0.9
199 1 0.45
74.2 0.5
0.7
190 1 0.45
74.2 0.5
0.7
58 2 0.9
74.2 0.5
0.7
168 6 2.7
79.6 0.5
0.8
153 6 2.7
79.6 0.5
0.8
148 7 3.15
79.6 0.5
0.8
174 5 2.25
64.3 0.7
0.8
157 5 2.25
64.3 0.7
0.8
98 6 2.7
64.3 0.7
0.8
187 2 0.9
58.5 0.6
0.7
124 3 1.35
58.5 0.6
0.7
82 3 1.35
58.5 0.6
0.7
153 1 0.45
73.2 0.7
0.7
106 2 0.9
73.2 0.7
0.7
88 3 1.35
73.2 0.7
0.7
159 1 0.45
70.7 0.6
0.7
99 1 0.45
70.7 0.6
0.7
67 2 0.9
70.7 0.6
0.7
126 3 1.35
71.1 0.8
0.6
92 4 1.8
71.1 0.8
0.6
85 4 1.8
71.1 0.8
0.6
167 1 0.45
62.8 0.5
0.8
162 1 0.45
62.8 0.5
0.8
105 4 1.8
62.8 0.5
0.8
176 6 2.7
77.9 0.8
0.6
113 6 2.7
77.9 0.8
0.6
77 6 2.7
77.9 0.8
0.6
169 3 1.35
66.4 0.5
0.7
142 3 1.35
66.4 0.5
0.7
121 4 1.8
66.4 0.5
0.7
195 4 1.8
50.9 0.6
0.5
105 6 2.7
50.9 0.6
0.5
102 7 3.15
50.9 0.6
0.5
184 6 2.7
62.4 0.6
0.8
174 6 2.7
62.4 0.6
0.8
135 7 3.15
62.4 0.6
0.8
197 6 2.7
73.9 0.5
0.6
165 6 2.7
73.9 0.5
0.6
58 8 3.6
73.9 0.5
0.6
95 1 0.45
69.5 0.8
0.9
64 1 0.45
69.5 0.8
0.9
53 1 0.45
69.5 0.8
0.9
130 1 0.45
60.1 0.6
0.7
104 1 0.45
60.1 0.6
0.7
104 2 0.9
60.1 0.6
0.7
161 3 1.35
51.6 0.6
0.6
148 4 1.8
51.6 0.6
0.6
104 5 2.25
51.6 0.6
0.6
163 2 0.9
63.2 0.7
0.6
100 2 0.9
63.2 0.7
0.6
85 2 0.9
63.2 0.7
0.6
147 5 2.25
51 0.5  0.8
86 6 2.7
51 0.5  0.8
55 7 3.15
51 0.5  0.8
143 4 1.8
73.7 0.8
0.7
139 5 2.25
73.7 0.8
0.7
114 6 2.7
73.7 0.8
0.7
159 4 1.8
51 0.5  0.8
152 6 2.7
51 0.5  0.8
69 7 3.15
51 0.5  0.8
160 1 0.45
74.2 0.7
0.6
131 2 0.9
74.2 0.7
0.6
105 2 0.9
74.2 0.7
0.6
169 6 2.7
65.1 0.5
0.8
139 6 2.7
65.1 0.5
0.8
91 6 2.7
65.1 0.5
0.8
153 4 1.8
53.8 0.8
0.6
126 5 2.25
53.8 0.8
0.6
103 6 2.7
53.8 0.8
0.6
175 5 2.25
67.8 0.7
0.6
130 6 2.7
67.8 0.7
0.6
63 7 3.15
67.8 0.7
0.6
163 4 1.8
74.3 0.5
0.9
115 4 1.8
74.3 0.5
0.9
59 5 2.25
74.3 0.5
0.9
200 5 2.25
64.9 0.7
0.9
123 5 2.25
64.9 0.7
0.9
69 8 3.6
64.9 0.7
0.9
138 1 0.45
58 0.6  0.6
123 2 0.9
58 0.6  0.6
105 2 0.9
58 0.6  0.6
186 1 0.45
59.5 0.6
0.7
104 2 0.9
59.5 0.6
0.7
68 3 1.35
59.5 0.6
0.7
200 5 2.25
77.6 0.8
0.6
67 5 2.25
77.6 0.8
0.6
60 7 3.15
77.6 0.8
0.6
194 4 1.8
54 0.6  0.9
128 6 2.7
54 0.6  0.9
108 7 3.15
54 0.6  0.9
140 1 0.45
63.2 0.8
0.9
123 3 1.35
63.2 0.8
0.9
60 5 2.25
63.2 0.8
0.9
108 5 2.25
52.7 0.7
0.5
85 5 2.25
52.7 0.7
0.5
61 7 3.15
52.7 0.7
0.5
189 1 0.45
69.4 0.6
0.8
127 2 0.9
69.4 0.6
0.8
79 2 0.9
69.4 0.6
0.8
72 4 1.8
79.2 0.8
0.7
70 5 2.25
79.2 0.8
0.7
60 8 3.6
79.2 0.8
0.7
200 4 1.8
62.3 0.6
0.5
170 5 2.25
62.3 0.6
0.5
137 5 2.25
62.3 0.6
0.5
181 4 1.8
75 0.9  0.5
154 6 2.7
75 0.9  0.5
145 8 3.6
75 0.9  0.5
179 6 2.7
77.5 0.7
0.8
94 6 2.7
77.5 0.7
0.8
61 6 2.7
77.5 0.7
0.8
198 5 2.25
72.4 0.6
0.8
163 5 2.25
72.4 0.6
0.8
81 7 3.15
72.4 0.6
0.8
138 2 0.9
70.2 0.5
0.7
105 4 1.8
70.2 0.5
0.7
57 5 2.25
70.2 0.5
0.7
147 2 0.9
76.3 0.7
0.6
134 2 0.9
76.3 0.7
0.6
94 3 1.35
76.3 0.7
0.6
190 5 2.25
60 0.5  0.8
130 6 2.7
60 0.5  0.8
76 7 3.15
60 0.5  0.8
158 3 1.35
55.2 0.8
0.7
78 4 1.8
55.2 0.8
0.7
57 5 2.25
55.2 0.8
0.7
192 4 1.8
62.7 0.8
0.9
87 4 1.8
62.7 0.8
0.9
62 6 2.7
62.7 0.8
0.9
178 1 0.45
79.2 0.8
0.6
155 1 0.45
79.2 0.8
0.6
63 2 0.9
79.2 0.8
0.6
184 4 1.8
60.9 0.6
0.8
145 5 2.25
60.9 0.6
0.8
111 6 2.7
60.9 0.6
0.8
154 2 0.9
56.8 0.8
0.7
90 2 0.9
56.8 0.8
0.7
55 4 1.8
56.8 0.8
0.7
191 1 0.45
75.9 0.5
0.8
131 2 0.9
75.9 0.5
0.8
108 3 1.35
75.9 0.5
0.8
194 5 2.25
64.5 0.9
0.9
108 6 2.7
64.5 0.9
0.9
68 7 3.15
64.5 0.9
0.9
149 6 2.7
52 0.8  0.7
137 6 2.7
52 0.8  0.7
72 6 2.7
52 0.8  0.7
133 2 0.9
68.8 0.9
0.9
98 3 1.35
68.8 0.9
0.9
79 3 1.35
68.8 0.9
0.9
135 1 0.45
79.5 0.6
0.6
134 2 0.9
79.5 0.6
0.6
103 2 0.9
79.5 0.6
0.6
