7?DFJSP07
20 5 3
Operations vector:
5 5 5
5 5  5 5 5
5 5  5 5 5
5 5  5 5 5
5 5
Available machine quantity vector:
2 2 1
1 5  2 5 2
3 3  5 1 2
1 3  2 4 4
5 2  3 2 5
3 1  5 2 2
2 2  1 2 2
3 4  4 3 4
1 2  5 4 3
4 2  2 4 2
1 5  1 3 5
2 2  3 4 2
5 5  2 1 4
3 3  2 3 4
2 5  5 2 3
5 2  5 2 1
2 1  5 4 3
2 5  1 3 2
2 2  3 4 4
1 2  1 2 1
2 5
Available machine vector:
1 2 1
3 2  4 1 2
3 4  5 1 5
1 2  3 4 5
1 2  1 2 5
1 3  5 1 2
3 4  5 4 3
4 2  3 4 5
1 2  2 3 4
5 1  2 3 5
1 2  3 4 5
1 3  1 3 5
1 3  1 2 3
4 5  3 4 5
4 1  2 3 4
5 1  3 1 5
1 2  1 2 4
1 5  1 2 1
3 5  2 3 4
5 2  3 4 5
1 3  4 2 3
4 5  2 1 2
1 2  3 4 5
2 3  4 5 1
2 5  2 3 4
5 1  5 1 5
2 3  4 5 1
3 4  1 2 3
4 5  4 1 2
5 1  2 3 4
5 1  5 1 5
3 4  5 2 3
4 5  1 3 1
2 3  4 5 1
2 3  4 5 1
5 4  2 3 4
5 1  3 4 1
2 5  3 5 1
3 4  2 3 4
5 1  3 1 2
3 4  5 1 2
3 4  5 3 5
3 4  5 1 2
3 4  5 1 5
1 2  3 4 5
3 4  2 1 5
4 1  2 3 4
5 2  3 4 5
1 3  4 1 3
1 2  3 4 5
2 1  2 5 3
5 1  3 1 5
1 3  5 2 3
4 5  1 2 3
5 4  1 5 4
1 2  4 1 5
1 2  3 4 5
Data array:
116 14  6.3 63.3  0.9 0.5
108 16  7.2 63.3  0.9 0.5
79 16 7.2
63.3 0.9
0.5
191 3 1.35
65.7 0.7
0.8
123 5 2.25
65.7 0.7
0.8
95 5 2.25
65.7 0.7
0.8
198 15  6.75 66.4  0.8 0.8
159 15  6.75 66.4  0.8 0.8
84 16 7.2
66.4 0.8
0.8
170 17  7.65 56.7  0.6 0.7
96 18 8.1
56.7 0.6
0.7
54 19 8.55
56.7 0.6
0.7
189 3 1.35
57.3 0.7
0.7
138 4 1.8
57.3 0.7
0.7
62 5 2.25
57.3 0.7
0.7
119 18  8.1 54.4  0.5 0.9
118 19  8.55 54.4  0.5 0.9
60 21 9.45
54.4 0.5
0.9
125 6 2.7
68.5 0.6
0.6
105 7 3.15
68.5 0.6
0.6
65 8 3.6
68.5 0.6
0.6
129 4 1.8
71 0.5  0.8
128 5 2.25
71 0.5  0.8
101 8 3.6
71 0.5  0.8
167 6 2.7
70.2 0.7
0.7
167 7 3.15
70.2 0.7
0.7
162 8 3.6
70.2 0.7
0.7
113 5 2.25
57.6 0.8
0.5
113 6 2.7
57.6 0.8
0.5
55 6 2.7
57.6 0.8
0.5
191 1 0.45
76.6 0.5
0.5
136 2 0.9
76.6 0.5
0.5
128 3 1.35
76.6 0.5
0.5
176 2 0.9
67 0.7  0.7
175 3 1.35
67 0.7  0.7
147 4 1.8
67 0.7  0.7
159 11  4.95 70.3  0.6 0.6
94 12 5.4
70.3 0.6
0.6
84 12 5.4
70.3 0.6
0.6
172 6 2.7
57.9 0.7
0.5
91 8 3.6
57.9 0.7
0.5
86 8 3.6
57.9 0.7
0.5
185 6 2.7
74.8 0.7
0.6
162 7 3.15
74.8 0.7
0.6
97 8 3.6
74.8 0.7
0.6
127 7 3.15
76.4 0.8
0.5
123 8 3.6
76.4 0.8
0.5
122 9 4.05
76.4 0.8
0.5
187 4 1.8
65.2 0.7
0.9
151 5 2.25
65.2 0.7
0.9
119 6 2.7
65.2 0.7
0.9
177 1 0.45
64.9 0.6
0.7
103 2 0.9
64.9 0.6
0.7
68 3 1.35
64.9 0.6
0.7
198 14  6.3 52.4  0.9 0.9
193 15  6.75 52.4  0.9 0.9
191 17  7.65 52.4  0.9 0.9
179 4 1.8
71 0.7  0.9
139 4 1.8
71 0.7  0.9
71 4 1.8
71 0.7  0.9
161 7 3.15
52.5 0.6
0.9
108 8 3.6
52.5 0.6
0.9
53 8 3.6
52.5 0.6
0.9
162 4 1.8
54.7 0.8
0.6
104 5 2.25
54.7 0.8
0.6
76 6 2.7
54.7 0.8
0.6
172 1 0.45
79.9 0.8
0.8
101 2 0.9
79.9 0.8
0.8
60 3 1.35
79.9 0.8
0.8
131 4 1.8
60.8 0.5
0.5
131 4 1.8
60.8 0.5
0.5
96 4 1.8
60.8 0.5
0.5
195 1 0.45
63.5 0.6
0.6
176 2 0.9
63.5 0.6
0.6
83 4 1.8
63.5 0.6
0.6
157 14  6.3 76.4  0.8 0.8
139 14  6.3 76.4  0.8 0.8
135 15  6.75 76.4  0.8 0.8
103 8 3.6
68.2 0.6
0.9
98 8 3.6
68.2 0.6
0.9
88 11 4.95
68.2 0.6
0.9
175 17  7.65 71.2  0.8 0.5
119 18  8.1 71.2  0.8 0.5
102 19  8.55 71.2  0.8 0.5
198 1 0.45
63.3 0.5
0.5
118 3 1.35
63.3 0.5
0.5
100 4 1.8
63.3 0.5
0.5
185 19  8.55 80  0.9 0.6
176 20  9 80 0.9
0.6
54 20 9
80 0.9  0.6
155 1 0.45
79 0.8  0.9
120 1 0.45
79 0.8  0.9
101 2 0.9
79 0.8  0.9
162 16  7.2 68.4  0.6 0.6
159 18  8.1 68.4  0.6 0.6
51 18 8.1
68.4 0.6
0.6
185 8 3.6
69.6 0.7
0.7
160 9 4.05
69.6 0.7
0.7
125 10  4.5 69.6  0.7 0.7
193 10  4.5 76  0.6 0.7
164 11  4.95 76  0.6 0.7
135 11  4.95 76  0.6 0.7
195 3 1.35
61.2 0.5
0.8
100 4 1.8
61.2 0.5
0.8
68 5 2.25
61.2 0.5
0.8
172 13  5.85 67.5  0.9 0.6
85 13 5.85
67.5 0.9
0.6
66 15 6.75
67.5 0.9
0.6
127 18  8.1 77.7  0.6 0.5
115 19  8.55 77.7  0.6 0.5
81 20 9
77.7 0.6
0.5
189 11  4.95 61.2  0.8 0.7
183 12  5.4 61.2  0.8 0.7
127 14  6.3 61.2  0.8 0.7
160 14  6.3 69  0.5 0.7
153 16  7.2 69  0.5 0.7
124 16  7.2 69  0.5 0.7
175 4 1.8
71.2 0.9
0.6
169 5 2.25
71.2 0.9
0.6
79 5 2.25
71.2 0.9
0.6
158 17  7.65 58.9  0.6 0.8
140 17  7.65 58.9  0.6 0.8
82 17 7.65
58.9 0.6
0.8
181 9 4.05
74.9 0.5
0.8
122 10  4.5 74.9  0.5 0.8
57 10 4.5
74.9 0.5
0.8
169 9 4.05
72.9 0.5
0.8
152 11  4.95 72.9  0.5 0.8
82 11 4.95
72.9 0.5
0.8
124 6 2.7
57.5 0.7
0.7
107 8 3.6
57.5 0.7
0.7
106 8 3.6
57.5 0.7
0.7
163 4 1.8
54.7 0.6
0.8
83 5 2.25
54.7 0.6
0.8
77 6 2.7
54.7 0.6
0.8
155 1 0.45
57.3 0.8
0.6
68 2 0.9
57.3 0.8
0.6
50 3 1.35
57.3 0.8
0.6
195 13  5.85 65.4  0.6 0.6
183 13  5.85 65.4  0.6 0.6
86 14 6.3
65.4 0.6
0.6
167 16  7.2 73.4  0.6 0.5
147 18  8.1 73.4  0.6 0.5
94 19 8.55
73.4 0.6
0.5
176 2 0.9
61 0.6  0.5
160 2 0.9
61 0.6  0.5
81 2 0.9
61 0.6  0.5
153 14  6.3 69.1  0.7 0.6
76 15 6.75
69.1 0.7
0.6
60 18 8.1
69.1 0.7
0.6
177 10  4.5 62.5  0.5 0.7
164 10  4.5 62.5  0.5 0.7
129 10  4.5 62.5  0.5 0.7
193 9 4.05
61.4 0.8
0.7
81 10 4.5
61.4 0.8
0.7
77 12 5.4
61.4 0.8
0.7
134 15  6.75 68.4  0.7 0.6
126 16  7.2 68.4  0.7 0.6
92 16 7.2
68.4 0.7
0.6
173 7 3.15
57.2 0.5
0.7
151 7 3.15
57.2 0.5
0.7
132 7 3.15
57.2 0.5
0.7
193 14  6.3 55.2  0.6 0.6
177 14  6.3 55.2  0.6 0.6
136 15  6.75 55.2  0.6 0.6
146 3 1.35
66.9 0.9
0.7
131 4 1.8
66.9 0.9
0.7
94 4 1.8
66.9 0.9
0.7
189 1 0.45
74.7 0.5
0.6
110 1 0.45
74.7 0.5
0.6
70 4 1.8
74.7 0.5
0.6
145 12  5.4 50.3  0.8 0.9
107 13  5.85 50.3  0.8 0.9
96 14 6.3
50.3 0.8
0.9
186 13  5.85 68.5  0.6 0.9
106 15  6.75 68.5  0.6 0.9
103 15  6.75 68.5  0.6 0.9
177 17  7.65 79.2  0.6 0.7
59 18 8.1
79.2 0.6
0.7
50 20 9
79.2 0.6
0.7
170 8 3.6
51.6 0.8
0.8
105 9 4.05
51.6 0.8
0.8
102 11  4.95 51.6  0.8 0.8
158 17  7.65 74  0.9 0.9
142 19  8.55 74  0.9 0.9
63 19 8.55
74 0.9  0.9
106 3 1.35
77.1 0.7
0.7
96 3 1.35
77.1 0.7
0.7
58 4 1.8
77.1 0.7
0.7
194 19  8.55 56.6  0.9 0.8
160 19  8.55 56.6  0.9 0.8
89 20 9
56.6 0.9
0.8
151 1 0.45
55.8 0.5
0.5
100 1 0.45
55.8 0.5
0.5
56 3 1.35
55.8 0.5
0.5
112 12  5.4 56.9  0.8 0.9
96 12 5.4
56.9 0.8
0.9
56 14 6.3
56.9 0.8
0.9
162 18  8.1 73.3  0.9 0.5
111 19  8.55 73.3  0.9 0.5
80 19 8.55
73.3 0.9
0.5
182 11  4.95 76.6  0.8 0.9
170 12  5.4 76.6  0.8 0.9
168 13  5.85 76.6  0.8 0.9
188 4 1.8
65.8 0.6
0.8
148 4 1.8
65.8 0.6
0.8
128 6 2.7
65.8 0.6
0.8
177 6 2.7
55.3 0.9
0.6
139 6 2.7
55.3 0.9
0.6
132 8 3.6
55.3 0.9
0.6
151 7 3.15
77.5 0.7
0.7
137 7 3.15
77.5 0.7
0.7
67 8 3.6
77.5 0.7
0.7
182 8 3.6
62.3 0.7
0.6
175 9 4.05
62.3 0.7
0.6
56 10 4.5
62.3 0.7
0.6
125 3 1.35
74.2 0.8
0.8
69 4 1.8
74.2 0.8
0.8
51 6 2.7
74.2 0.8
0.8
191 2 0.9
76.6 0.8
0.8
139 3 1.35
76.6 0.8
0.8
84 5 2.25
76.6 0.8
0.8
179 14  6.3 70.4  0.8 0.8
67 14 6.3
70.4 0.8
0.8
51 16 7.2
70.4 0.8
0.8
164 17  7.65 79.1  0.7 0.7
95 18 8.1
79.1 0.7
0.7
64 19 8.55
79.1 0.7
0.7
196 14  6.3 67.7  0.7 0.7
169 14  6.3 67.7  0.7 0.7
152 15  6.75 67.7  0.7 0.7
169 7 3.15
58.8 0.8
0.9
166 7 3.15
58.8 0.8
0.9
77 8 3.6
58.8 0.8
0.9
194 17  7.65 71.9  0.8 0.7
190 18  8.1 71.9  0.8 0.7
52 19 8.55
71.9 0.8
0.7
195 6 2.7
75.4 0.8
0.8
79 7 3.15
75.4 0.8
0.8
52 7 3.15
75.4 0.8
0.8
113 14  6.3 63.8  0.6 0.7
78 15 6.75
63.8 0.6
0.7
70 16 7.2
63.8 0.6
0.7
134 5 2.25
74.1 0.7
0.9
85 5 2.25
74.1 0.7
0.9
78 5 2.25
74.1 0.7
0.9
138 4 1.8
61.2 0.7
0.8
97 5 2.25
61.2 0.7
0.8
74 6 2.7
61.2 0.7
0.8
125 13  5.85 50.8  0.7 0.8
96 14 6.3
50.8 0.7
0.8
91 15 6.75
50.8 0.7
0.8
182 7 3.15
62.8 0.5
0.7
140 7 3.15
62.8 0.5
0.7
109 8 3.6
62.8 0.5
0.7
138 13  5.85 73.5  0.7 0.6
62 16 7.2
73.5 0.7
0.6
53 16 7.2
73.5 0.7
0.6
181 4 1.8
78 0.8  0.5
153 4 1.8
78 0.8  0.5
148 4 1.8
78 0.8  0.5
198 2 0.9
76 0.5  0.9
187 2 0.9
76 0.5  0.9
60 4 1.8
76 0.5  0.9
186 1 0.45
73.1 0.7
0.6
127 2 0.9
73.1 0.7
0.6
64 3 1.35
73.1 0.7
0.6
161 11  4.95 72.3  0.5 0.8
135 12  5.4 72.3  0.5 0.8
107 13  5.85 72.3  0.5 0.8
183 16  7.2 79.4  0.7 0.7
178 16  7.2 79.4  0.7 0.7
169 17  7.65 79.4  0.7 0.7
190 14  6.3 75.1  0.6 0.7
143 16  7.2 75.1  0.6 0.7
136 17  7.65 75.1  0.6 0.7
186 5 2.25
54.6 0.9
0.6
127 6 2.7
54.6 0.9
0.6
101 6 2.7
54.6 0.9
0.6
174 6 2.7
72.6 0.6
0.6
106 8 3.6
72.6 0.6
0.6
95 8 3.6
72.6 0.6
0.6
182 16  7.2 62.7  0.5 0.8
174 16  7.2 62.7  0.5 0.8
171 16  7.2 62.7  0.5 0.8
189 15  6.75 72.4  0.7 0.8
180 15  6.75 72.4  0.7 0.8
58 15 6.75
72.4 0.7
0.8
198 5 2.25
76.7 0.8
0.9
121 7 3.15
76.7 0.8
0.9
51 7 3.15
76.7 0.8
0.9
174 6 2.7
74.2 0.6
0.6
150 9 4.05
74.2 0.6
0.6
130 9 4.05
74.2 0.6
0.6
127 1 0.45
52 0.8  0.5
84 2 0.9
52 0.8  0.5
51 2 0.9
52 0.8  0.5
192 17  7.65 50.6  0.7 0.5
150 18  8.1 50.6  0.7 0.5
102 19  8.55 50.6  0.7 0.5
111 14  6.3 53.8  0.9 0.5
102 15  6.75 53.8  0.9 0.5
72 17 7.65
53.8 0.9
0.5
148 13  5.85 59.1  0.9 0.8
129 13  5.85 59.1  0.9 0.8
71 15 6.75
59.1 0.9
0.8
122 18  8.1 76.1  0.7 0.6
108 18  8.1 76.1  0.7 0.6
55 19 8.55
76.1 0.7
0.6
142 13  5.85 67.4  0.5 0.9
110 14  6.3 67.4  0.5 0.9
107 15  6.75 67.4  0.5 0.9
197 14  6.3 71.9  0.5 0.5
132 16  7.2 71.9  0.5 0.5
111 16  7.2 71.9  0.5 0.5
195 3 1.35
57.2 0.8
0.8
151 5 2.25
57.2 0.8
0.8
114 5 2.25
57.2 0.8
0.8
108 16  7.2 61.2  0.8 0.8
69 16 7.2
61.2 0.8
0.8
52 17 7.65
61.2 0.8
0.8
126 6 2.7
77.8 0.9
0.6
98 8 3.6
77.8 0.9
0.6
82 8 3.6
77.8 0.9
0.6
171 10  4.5 76.6  0.8 0.8
171 10  4.5 76.6  0.8 0.8
90 10 4.5
76.6 0.8
0.8
166 18  8.1 59.5  0.8 0.6
145 18  8.1 59.5  0.8 0.6
77 19 8.55
59.5 0.8
0.6
177 3 1.35
71.9 0.8
0.8
68 3 1.35
71.9 0.8
0.8
55 3 1.35
71.9 0.8
0.8
188 19  8.55 54.4  0.8 0.9
117 19  8.55 54.4  0.8 0.9
115 21  9.45 54.4  0.8 0.9
159 1 0.45
67.8 0.7
0.7
109 1 0.45
67.8 0.7
0.7
97 1 0.45
67.8 0.7
0.7
191 16  7.2 62.3  0.8 0.7
159 16  7.2 62.3  0.8 0.7
158 16  7.2 62.3  0.8 0.7
133 14  6.3 59.5  0.8 0.5
131 15  6.75 59.5  0.8 0.5
84 15 6.75
59.5 0.8
0.5
172 5 2.25
51.4 0.5
0.7
155 6 2.7
51.4 0.5
0.7
58 6 2.7
51.4 0.5
0.7
198 6 2.7
53.1 0.7
0.7
149 6 2.7
53.1 0.7
0.7
119 6 2.7
53.1 0.7
0.7
166 6 2.7
66 0.6  0.6
79 6 2.7
66 0.6  0.6
69 8 3.6
66 0.6  0.6
109 3 1.35
52.9 0.7
0.6
90 3 1.35
52.9 0.7
0.6
63 5 2.25
52.9 0.7
0.6
140 1 0.45
73.1 0.8
0.6
132 2 0.9
73.1 0.8
0.6
75 3 1.35
73.1 0.8
0.6
123 13  5.85 59.5  0.6 0.9
100 14  6.3 59.5  0.6 0.9
86 15 6.75
59.5 0.6
0.9
195 18  8.1 65.1  0.7 0.9
175 18  8.1 65.1  0.7 0.9
112 19  8.55 65.1  0.7 0.9
158 13  5.85 76.4  0.7 0.7
134 14  6.3 76.4  0.7 0.7
82 14 6.3
76.4 0.7
0.7
125 15  6.75 52.5  0.5 0.9
118 15  6.75 52.5  0.5 0.9
88 17 7.65
52.5 0.5
0.9
191 14  6.3 65.4  0.8 0.8
183 18  8.1 65.4  0.8 0.8
58 18 8.1
65.4 0.8
0.8
115 14  6.3 59.8  0.8 0.5
80 15 6.75
59.8 0.8
0.5
76 17 7.65
59.8 0.8
0.5
65 14 6.3
78.5 0.7
0.7
60 15 6.75
78.5 0.7
0.7
56 16 7.2
78.5 0.7
0.7
157 6 2.7
71.8 0.6
0.8
123 7 3.15
71.8 0.6
0.8
83 9 4.05
71.8 0.6
0.8
153 18  8.1 52.6  0.7 0.6
96 18 8.1
52.6 0.7
0.6
55 19 8.55
52.6 0.7
0.6
140 9 4.05
79.4 0.5
0.6
133 10  4.5 79.4  0.5 0.6
62 11 4.95
79.4 0.5
0.6
166 8 3.6
69.7 0.8
0.6
96 10 4.5
69.7 0.8
0.6
87 11 4.95
69.7 0.8
0.6
178 6 2.7
68 0.9  0.8
166 9 4.05
68 0.9  0.8
165 9 4.05
68 0.9  0.8
178 5 2.25
65.3 0.8
0.5
149 6 2.7
65.3 0.8
0.5
109 8 3.6
65.3 0.8
0.5
197 14  6.3 73.4  0.6 0.8
154 15  6.75 73.4  0.6 0.8
112 16  7.2 73.4  0.6 0.8
155 6 2.7
64.1 0.9
0.9
140 6 2.7
64.1 0.9
0.9
65 6 2.7
64.1 0.9
0.9
157 5 2.25
62 0.7  0.7
58 6 2.7
62 0.7  0.7
51 6 2.7
62 0.7  0.7
96 10 4.5
65.6 0.8
0.7
90 11 4.95
65.6 0.8
0.7
52 12 5.4
65.6 0.8
0.7
151 15  6.75 72  0.8 0.6
86 16 7.2
72 0.8  0.6
51 16 7.2
72 0.8  0.6
180 9 4.05
72.4 0.7
0.7
153 10  4.5 72.4  0.7 0.7
89 11 4.95
72.4 0.7
0.7
139 17  7.65 51.4  0.8 0.6
123 19  8.55 51.4  0.8 0.6
81 19 8.55
51.4 0.8
0.6
158 17  7.65 79  0.8 0.7
69 19 8.55
79 0.8  0.7
59 20 9
79 0.8  0.7
150 7 3.15
57.5 0.8
0.6
147 10  4.5 57.5  0.8 0.6
75 10 4.5
57.5 0.8
0.6
167 4 1.8
57.2 0.8
0.6
122 6 2.7
57.2 0.8
0.6
115 6 2.7
57.2 0.8
0.6
183 1 0.45
72.8 0.8
0.7
123 1 0.45
72.8 0.8
0.7
88 2 0.9
72.8 0.8
0.7
139 5 2.25
54.5 0.9
0.6
105 7 3.15
54.5 0.9
0.6
65 9 4.05
54.5 0.9
0.6
144 6 2.7
54.6 0.7
0.8
105 8 3.6
54.6 0.7
0.8
104 10  4.5 54.6  0.7 0.8
163 7 3.15
76.8 0.6
0.8
147 8 3.6
76.8 0.6
0.8
132 9 4.05
76.8 0.6
0.8
183 4 1.8
61.4 0.6
0.7
82 5 2.25
61.4 0.6
0.7
64 6 2.7
61.4 0.6
0.7
124 1 0.45
62.1 0.7
0.9
68 2 0.9
62.1 0.7
0.9
58 3 1.35
62.1 0.7
0.9
182 15  6.75 53.1  0.6 0.7
132 16  7.2 53.1  0.6 0.7
68 17 7.65
53.1 0.6
0.7
140 6 2.7
64.4 0.9
0.8
133 6 2.7
64.4 0.9
0.8
116 9 4.05
64.4 0.9
0.8
186 17  7.65 51.9  0.8 0.8
113 18  8.1 51.9  0.8 0.8
80 18 8.1
51.9 0.8
0.8
107 13  5.85 62.7  0.8 0.9
91 14 6.3
62.7 0.8
0.9
86 15 6.75
62.7 0.8
0.9
170 14  6.3 52.9  0.6 0.8
156 15  6.75 52.9  0.6 0.8
146 15  6.75 52.9  0.6 0.8
191 17  7.65 65.9  0.7 0.7
94 19 8.55
65.9 0.7
0.7
92 19 8.55
65.9 0.7
0.7
158 11  4.95 78.8  0.8 0.8
133 11  4.95 78.8  0.8 0.8
74 12 5.4
78.8 0.8
0.8
181 17  7.65 54.5  0.6 0.6
90 17 7.65
54.5 0.6
0.6
84 17 7.65
54.5 0.6
0.6
197 9 4.05
61.1 0.8
0.9
72 10 4.5
61.1 0.8
0.9
60 11 4.95
61.1 0.8
0.9
191 10  4.5 70.7  0.7 0.8
147 11  4.95 70.7  0.7 0.8
70 11 4.95
70.7 0.7
0.8
145 6 2.7
53.1 0.7
0.5
98 7 3.15
53.1 0.7
0.5
74 8 3.6
53.1 0.7
0.5
131 5 2.25
71.5 0.6
0.6
98 5 2.25
71.5 0.6
0.6
78 7 3.15
71.5 0.6
0.6
178 16  7.2 63.7  0.8 0.5
177 16  7.2 63.7  0.8 0.5
162 17  7.65 63.7  0.8 0.5
146 7 3.15
58.1 0.7
0.7
94 7 3.15
58.1 0.7
0.7
57 7 3.15
58.1 0.7
0.7
190 7 3.15
54 0.8  0.8
108 7 3.15
54 0.8  0.8
58 9 4.05
54 0.8  0.8
139 8 3.6
61 0.7  0.8
119 9 4.05
61 0.7  0.8
74 10 4.5
61 0.7  0.8
183 5 2.25
63.1 0.5
0.7
122 5 2.25
63.1 0.5
0.7
80 5 2.25
63.1 0.5
0.7
131 1 0.45
62.1 0.6
0.8
108 3 1.35
62.1 0.6
0.8
89 3 1.35
62.1 0.6
0.8
179 6 2.7
54.7 0.8
0.8
150 8 3.6
54.7 0.8
0.8
103 8 3.6
54.7 0.8
0.8
187 9 4.05
62.2 0.6
0.6
175 10  4.5 62.2  0.6 0.6
96 10 4.5
62.2 0.6
0.6
142 16  7.2 78  0.6 0.5
118 16  7.2 78  0.6 0.5
108 17  7.65 78  0.6 0.5
188 10  4.5 67.4  0.8 0.8
176 10  4.5 67.4  0.8 0.8
75 10 4.5
67.4 0.8
0.8
168 16  7.2 79.3  0.9 0.9
138 17  7.65 79.3  0.9 0.9
91 18 8.1
79.3 0.9
0.9
163 16  7.2 60.1  0.5 0.5
155 17  7.65 60.1  0.5 0.5
67 17 7.65
60.1 0.5
0.5
190 15  6.75 56.4  0.6 0.6
158 15  6.75 56.4  0.6 0.6
133 16  7.2 56.4  0.6 0.6
191 17  7.65 63.6  0.6 0.7
169 18  8.1 63.6  0.6 0.7
60 18 8.1
63.6 0.6
0.7
181 16  7.2 79.8  0.6 0.6
67 17 7.65
79.8 0.6
0.6
56 19 8.55
79.8 0.6
0.6
83 13 5.85
58.4 0.7
0.7
83 14 6.3
58.4 0.7
0.7
69 14 6.3
58.4 0.7
0.7
179 4 1.8
74.9 0.6
0.6
160 4 1.8
74.9 0.6
0.6
159 5 2.25
74.9 0.6
0.6
59 17 7.65
62 0.9  0.8
56 18 8.1
62 0.9  0.8
51 18 8.1
62 0.9  0.8
180 3 1.35
67.5 0.6
0.7
159 3 1.35
67.5 0.6
0.7
100 3 1.35
67.5 0.6
0.7
155 18  8.1 53.2  0.6 0.7
151 20  9 53.2  0.6 0.7
74 20 9
53.2 0.6
0.7
133 14  6.3 53.3  0.9 0.7
96 15 6.75
53.3 0.9
0.7
82 16 7.2
53.3 0.9
0.7
111 8 3.6
52.5 0.7
0.6
106 8 3.6
52.5 0.7
0.6
102 8 3.6
52.5 0.7
0.6
172 5 2.25
76.7 0.5
0.8
165 5 2.25
76.7 0.5
0.8
158 5 2.25
76.7 0.5
0.8
156 1 0.45
79.6 0.7
0.7
155 2 0.9
79.6 0.7
0.7
51 3 1.35
79.6 0.7
0.7
96 5 2.25
75.4 0.8
0.9
91 6 2.7
75.4 0.8
0.9
87 6 2.7
75.4 0.8
0.9
194 1 0.45
60.8 0.6
0.5
135 1 0.45
60.8 0.6
0.5
117 2 0.9
60.8 0.6
0.5
157 1 0.45
62.4 0.7
0.7
109 1 0.45
62.4 0.7
0.7
108 2 0.9
62.4 0.7
0.7
156 17  7.65 75.2  0.6 0.5
129 17  7.65 75.2  0.6 0.5
104 17  7.65 75.2  0.6 0.5
133 16  7.2 51.2  0.6 0.7
121 16  7.2 51.2  0.6 0.7
60 17 7.65
51.2 0.6
0.7
186 15  6.75 57.2  0.8 0.7
88 16 7.2
57.2 0.8
0.7
81 17 7.65
57.2 0.8
0.7
184 9 4.05
66.6 0.7
0.5
152 10  4.5 66.6  0.7 0.5
143 11  4.95 66.6  0.7 0.5
91 10 4.5
63.5 0.7
0.7
90 10 4.5
63.5 0.7
0.7
69 12 5.4
63.5 0.7
0.7
187 7 3.15
61.1 0.6
0.6
142 8 3.6
61.1 0.6
0.6
71 9 4.05
61.1 0.6
0.6
122 14  6.3 73.4  0.7 0.6
79 15 6.75
73.4 0.7
0.6
58 16 7.2
73.4 0.7
0.6
139 17  7.65 60.1  0.6 0.6
135 17  7.65 60.1  0.6 0.6
100 19  8.55 60.1  0.6 0.6
163 7 3.15
56 0.8  0.8
132 7 3.15
56 0.8  0.8
73 9 4.05
56 0.8  0.8
155 7 3.15
52.6 0.8
0.7
149 8 3.6
52.6 0.8
0.7
111 8 3.6
52.6 0.8
0.7
122 9 4.05
65 0.8  0.8
120 9 4.05
65 0.8  0.8
58 9 4.05
65 0.8  0.8
196 3 1.35
56.1 0.8
0.5
156 6 2.7
56.1 0.8
0.5
123 6 2.7
56.1 0.8
0.5
186 1 0.45
53.9 0.5
0.7
160 1 0.45
53.9 0.5
0.7
64 2 0.9
53.9 0.5
0.7
198 7 3.15
67.3 0.5
0.6
170 7 3.15
67.3 0.5
0.6
97 8 3.6
67.3 0.5
0.6
89 4 1.8
76.8 0.8
0.8
79 7 3.15
76.8 0.8
0.8
52 10 4.5
76.8 0.8
0.8
186 6 2.7
65.4 0.9
0.9
139 8 3.6
65.4 0.9
0.9
76 9 4.05
65.4 0.9
0.9
139 4 1.8
67.5 0.8
0.8
132 5 2.25
67.5 0.8
0.8
115 7 3.15
67.5 0.8
0.8
189 1 0.45
57 0.8  0.8
79 2 0.9
57 0.8  0.8
53 2 0.9
57 0.8  0.8
91 5 2.25
70.8 0.8
0.6
73 5 2.25
70.8 0.8
0.6
50 6 2.7
70.8 0.8
0.6
164 1 0.45
63.3 0.6
0.5
145 1 0.45
63.3 0.6
0.5
104 2 0.9
63.3 0.6
0.5
135 14  6.3 73  0.6 0.5
91 15 6.75
73 0.6  0.5
52 15 6.75
73 0.6  0.5
186 18  8.1 74.8  0.6 0.5
173 19  8.55 74.8  0.6 0.5
95 20 9
74.8 0.6
0.5
92 12 5.4
69.5 0.7
0.5
91 12 5.4
69.5 0.7
0.5
67 13 5.85
69.5 0.7
0.5
179 6 2.7
54.5 0.9
0.7
96 6 2.7
54.5 0.9
0.7
92 8 3.6
54.5 0.9
0.7
198 9 4.05
63.3 0.8
0.5
188 10  4.5 63.3  0.8 0.5
96 12 5.4
63.3 0.8
0.5
176 16  7.2 57.6  0.7 0.9
119 16  7.2 57.6  0.7 0.9
115 17  7.65 57.6  0.7 0.9
197 9 4.05
58.2 0.7
0.9
194 9 4.05
58.2 0.7
0.9
97 10 4.5
58.2 0.7
0.9
182 16  7.2 50.2  0.9 0.7
130 17  7.65 50.2  0.9 0.7
99 17 7.65
50.2 0.9
0.7
170 17  7.65 66.9  0.8 0.6
129 17  7.65 66.9  0.8 0.6
90 18 8.1
66.9 0.8
0.6
133 13  5.85 76.8  0.6 0.8
85 14 6.3
76.8 0.6
0.8
76 15 6.75
76.8 0.6
0.8
89 1 0.45
57 0.8  0.8
87 2 0.9
57 0.8  0.8
69 3 1.35
57 0.8  0.8
168 14  6.3 75.9  0.7 0.8
149 15  6.75 75.9  0.7 0.8
88 17 7.65
75.9 0.7
0.8
157 8 3.6
71 0.5  0.5
128 10  4.5 71  0.5 0.5
80 11 4.95
71 0.5  0.5
185 9 4.05
77.4 0.8
0.8
84 11 4.95
77.4 0.8
0.8
68 12 5.4
77.4 0.8
0.8
162 15  6.75 66  0.7 0.7
157 16  7.2 66  0.7 0.7
136 18  8.1 66  0.7 0.7
186 8 3.6
72.8 0.6
0.7
174 9 4.05
72.8 0.6
0.7
82 11 4.95
72.8 0.6
0.7
186 11  4.95 62.1  0.7 0.6
81 11 4.95
62.1 0.7
0.6
63 11 4.95
62.1 0.7
0.6
171 4 1.8
68.3 0.7
0.7
84 4 1.8
68.3 0.7
0.7
64 5 2.25
68.3 0.7
0.7
197 14  6.3 68.5  0.6 0.7
174 15  6.75 68.5  0.6 0.7
141 15  6.75 68.5  0.6 0.7
143 5 2.25
65.3 0.6
0.9
95 8 3.6
65.3 0.6
0.9
81 9 4.05
65.3 0.6
0.9
143 4 1.8
60.3 0.6
0.5
131 5 2.25
60.3 0.6
0.5
106 6 2.7
60.3 0.6
0.5
155 6 2.7
76.6 0.8
0.6
85 6 2.7
76.6 0.8
0.6
52 7 3.15
76.6 0.8
0.6
151 6 2.7
76.1 0.8
0.7
77 6 2.7
76.1 0.8
0.7
63 7 3.15
76.1 0.8
0.7
125 8 3.6
50.1 0.6
0.6
95 8 3.6
50.1 0.6
0.6
73 9 4.05
50.1 0.6
0.6
135 3 1.35
74.7 0.5
0.8
109 5 2.25
74.7 0.5
0.8
99 5 2.25
74.7 0.5
0.8
169 2 0.9
79.2 0.8
0.6
150 2 0.9
79.2 0.8
0.6
84 3 1.35
79.2 0.8
0.6
182 13  5.85 57.8  0.5 0.8
127 13  5.85 57.8  0.5 0.8
56 14 6.3
57.8 0.5
0.8
144 18  8.1 72  0.6 0.7
79 19 8.55
72 0.6  0.7
73 20 9
72 0.6  0.7
171 14  6.3 50.7  0.6 0.7
152 14  6.3 50.7  0.6 0.7
150 14  6.3 50.7  0.6 0.7
194 15  6.75 67.9  0.6 0.8
161 16  7.2 67.9  0.6 0.8
124 16  7.2 67.9  0.6 0.8
137 2 0.9
61.4 0.7
0.7
88 2 0.9
61.4 0.7
0.7
60 3 1.35
61.4 0.7
0.7
182 18  8.1 73.7  0.8 0.8
147 19  8.55 73.7  0.8 0.8
77 20 9
73.7 0.8
0.8
132 14  6.3 72.3  0.8 0.8
128 16  7.2 72.3  0.8 0.8
84 17 7.65
72.3 0.8
0.8
86 5 2.25
53.7 0.7
0.7
80 7 3.15
53.7 0.7
0.7
64 8 3.6
53.7 0.7
0.7
126 14  6.3 75.2  0.7 0.7
125 14  6.3 75.2  0.7 0.7
67 16 7.2
75.2 0.7
0.7
177 8 3.6
74.2 0.7
0.8
170 8 3.6
74.2 0.7
0.8
137 10  4.5 74.2  0.7 0.8
199 16  7.2 57.7  0.8 0.7
115 17  7.65 57.7  0.8 0.7
58 17 7.65
57.7 0.8
0.7
160 3 1.35
71.5 0.6
0.8
116 3 1.35
71.5 0.6
0.8
98 4 1.8
71.5 0.6
0.8
173 18  8.1 56.2  0.5 0.7
68 20 9
56.2 0.5
0.7
58 20 9
56.2 0.5
0.7
193 1 0.45
76.5 0.7
0.5
177 2 0.9
76.5 0.7
0.5
164 2 0.9
76.5 0.7
0.5
199 3 1.35
69.2 0.5
0.8
189 4 1.8
69.2 0.5
0.8
121 5 2.25
69.2 0.5
0.8
115 7 3.15
63.5 0.6
0.5
111 7 3.15
63.5 0.6
0.5
81 9 4.05
63.5 0.6
0.5
188 3 1.35
51.6 0.5
0.8
163 4 1.8
51.6 0.5
0.8
96 4 1.8
51.6 0.5
0.8
138 1 0.45
77.8 0.6
0.9
84 2 0.9
77.8 0.6
0.9
83 3 1.35
77.8 0.6
0.9
170 4 1.8
60 0.6  0.8
132 5 2.25
60 0.6  0.8
76 5 2.25
60 0.6  0.8
142 1 0.45
59 0.8  0.7
62 1 0.45
59 0.8  0.7
59 3 1.35
59 0.8  0.7
182 14  6.3 64  0.5 0.8
163 15  6.75 64  0.5 0.8
159 16  7.2 64  0.5 0.8
132 16  7.2 54.4  0.8 0.6
77 17 7.65
54.4 0.8
0.6
62 18 8.1
54.4 0.8
0.6
116 14  6.3 62.2  0.7 0.6
60 16 7.2
62.2 0.7
0.6
56 16 7.2
62.2 0.7
0.6
155 7 3.15
68 0.9  0.6
142 8 3.6
68 0.9  0.6
84 9 4.05
68 0.9  0.6
171 4 1.8
74.9 0.7
0.7
164 4 1.8
74.9 0.7
0.7
115 4 1.8
74.9 0.7
0.7
199 2 0.9
70 0.8  0.8
156 2 0.9
70 0.8  0.8
133 2 0.9
70 0.8  0.8
182 12  5.4 58.7  0.5 0.8
171 12  5.4 58.7  0.5 0.8
161 14  6.3 58.7  0.5 0.8
194 15  6.75 79  0.9 0.6
115 17  7.65 79  0.9 0.6
112 18  8.1 79  0.9 0.6
189 15  6.75 65.1  0.7 0.8
180 15  6.75 65.1  0.7 0.8
121 16  7.2 65.1  0.7 0.8
199 6 2.7
52.3 0.7
0.7
146 6 2.7
52.3 0.7
0.7
67 6 2.7
52.3 0.7
0.7
124 6 2.7
55.9 0.5
0.7
123 7 3.15
55.9 0.5
0.7
54 7 3.15
55.9 0.5
0.7
200 4 1.8
73.6 0.7
0.7
165 5 2.25
73.6 0.7
0.7
118 6 2.7
73.6 0.7
0.7
92 2 0.9
53.9 0.6
0.7
77 2 0.9
53.9 0.6
0.7
62 2 0.9
53.9 0.6
0.7
183 12  5.4 74.4  0.6 0.9
182 13  5.85 74.4  0.6 0.9
141 13  5.85 74.4  0.6 0.9
183 18  8.1 55.2  0.7 0.8
67 18 8.1
55.2 0.7
0.8
66 18 8.1
55.2 0.7
0.8
178 17  7.65 65.2  0.7 0.5
117 19  8.55 65.2  0.7 0.5
101 19  8.55 65.2  0.7 0.5
106 2 0.9
72.4 0.7
0.7
61 2 0.9
72.4 0.7
0.7
60 5 2.25
72.4 0.7
0.7
170 12  5.4 54.4  0.8 0.6
102 13  5.85 54.4  0.8 0.6
71 13 5.85
54.4 0.8
0.6
139 4 1.8
72.8 0.6
0.7
130 5 2.25
72.8 0.6
0.7
93 6 2.7
72.8 0.6
0.7
168 15  6.75 71.6  0.8 0.8
162 15  6.75 71.6  0.8 0.8
153 17  7.65 71.6  0.8 0.8
169 4 1.8
71.3 0.6
0.7
106 4 1.8
71.3 0.6
0.7
90 5 2.25
71.3 0.6
0.7
173 17  7.65 72.6  0.7 0.7
96 17 7.65
72.6 0.7
0.7
52 19 8.55
72.6 0.7
0.7
175 15  6.75 56  0.7 0.6
135 16  7.2 56  0.7 0.6
79 17 7.65
56 0.7  0.6
139 6 2.7
74.2 0.8
0.7
86 6 2.7
74.2 0.8
0.7
85 7 3.15
74.2 0.8
0.7
170 2 0.9
68.1 0.5
0.7
136 3 1.35
68.1 0.5
0.7
109 4 1.8
68.1 0.5
0.7
196 15  6.75 69.3  0.6 0.5
158 16  7.2 69.3  0.6 0.5
57 17 7.65
69.3 0.6
0.5
179 8 3.6
51.4 0.7
0.8
60 9 4.05
51.4 0.7
0.8
59 10 4.5
51.4 0.7
0.8
168 9 4.05
66.8 0.6
0.7
158 11  4.95 66.8  0.6 0.7
92 12 5.4
66.8 0.6
0.7
124 15  6.75 63.9  0.7 0.6
91 15 6.75
63.9 0.7
0.6
72 16 7.2
63.9 0.7
0.6
