3?DFJSP03
15 8 3
Operations vector:
10 10 10
10 10  10 10 10
10 10  10 10 10
10 10
Available machine quantity vector:
4 2 4
4 2  3 1 1
5 3  4 1 2
5 5  2 4 4
4 3  2 4 2
2 4  3 5 3
1 2  2 2 5
4 2  4 1 4
1 2  2 3 1
4 5  4 3 2
2 5  2 2 2
4 5  5 4 4
2 2  5 4 2
1 2  4 1 5
2 3  3 1 4
2 5  4 5 2
2 2  1 5 4
3 2  4 1 2
5 4  1 2 3
5 4  2 2 3
4 5  2 3 4
2 2  1 2 3
5 5  4 3 4
1 5  3 1 2
4 2  5 1 2
4 2  4 4 5
2 4  4 3 2
4 2  2 2 1
5 1  5 2 2
4 4  1 5 3
2 4
Available machine vector:
4 5 7
8 3  4 3 6
7 8  2 3 5
7 5  6 4 5
8 5  1 1 2
3 5  8 6 7
8 3  6 7 8
1 2  4 1 2
3 5  8 1 2
3 4  6 6 7
4 5  7 8 2
3 5  7 1 4
6 8  6 7 8
3 5  2 3 5
7 3  4 5 6
1 4  6 8 6
7 8  1 2 3
4 6  4 5 8
1 2  4 3 4
3 5  1 2 3
4 6  1 4 6
8 6  7 2 3
5 7  5 3 6
7 8  1 5 6
6 7  6 7 8
5 4  5 7 8
1 2  3 4 6
2 3  5 7 4
5 8  5 6 3
5 1  2 3 5
8 2  4 6 7
3 4  3 6 7
8 1  2 3 4
6 1  2 3 5
8 1  4 6 8
4 5  7 8 5
6 3  5 1 2
3 5  8 1 4
6 8  2 4 1
6 7  2 3 5
7 5  1 2 3
4 6  3 4 6
7 8  6 7 8
1 4  5 7 8
6 7  1 2 3
5 8  1 4 6
8 1  2 3 4
6 2  4 3 4
3 5  1 1 2
3 5  8 3 6
7 8  6 7 8
6 7  1 4 6
8 5  2 4 1
2 3  4 6 4
5 7  8 1 6
7 4  5 8 1
2 3  4 6 1
4 6  8 3 4
5 6  6 7 8
3 6  7 8 1
2 3  5 8 2
4 6  7 8 3
6 7  8 3 4
5 6  1 3 5
4 5  8 1 2
3 5  8 1 2
3 4  6 1 4
6 8  4 5 8
3 6  7 8 1
1 2  3 4 6
6 7  8 5 3
5 4  5 7 8
2 4  1 2 3
5 8  5 3 4
2 3  5 7 6
7 3  6 7 8
4 5  7 8 1
2 3  4 6 5
6 1  4 6 8
3 6  7 8 4
5 8  2 4 2
3 5  7 5 6
3 4  6 7 5
1 2  3 4 6
1 1  2 3 5
8 5  6 6 7
4 5  7 8 3
6 7  8 1 1
2 3  4 6 4
5 8  3 4 2
3 5  7
Data array:
164 3 1.35
60.5 0.7
0.5
111 5 2.25
60.5 0.7
0.5
51 6 2.7
60.5 0.7
0.5
104 19  8.55 64.3  0.7 0.6
82 19 8.55
64.3 0.7
0.6
69 21 9.45
64.3 0.7
0.6
135 14  6.3 73.9  0.6 0.8
123 15  6.75 73.9  0.6 0.8
118 15  6.75 73.9  0.6 0.8
148 10  4.5 76.3  0.7 0.6
118 10  4.5 76.3  0.7 0.6
111 12  5.4 76.3  0.7 0.6
127 18  8.1 72.3  0.5 0.8
60 18 8.1
72.3 0.5
0.8
59 18 8.1
72.3 0.5
0.8
134 5 2.25
74.6 0.8
0.7
115 5 2.25
74.6 0.8
0.7
54 7 3.15
74.6 0.8
0.7
192 15  6.75 52.2  0.9 0.6
171 16  7.2 52.2  0.9 0.6
121 16  7.2 52.2  0.9 0.6
180 11  4.95 76.9  0.7 0.9
135 12  5.4 76.9  0.7 0.9
82 12 5.4
76.9 0.7
0.9
126 2 0.9
68 0.7  0.7
121 4 1.8
68 0.7  0.7
86 4 1.8
68 0.7  0.7
196 16  7.2 73.7  0.6 0.6
184 18  8.1 73.7  0.6 0.6
132 18  8.1 73.7  0.6 0.6
178 1 0.45
56.8 0.5
0.5
125 1 0.45
56.8 0.5
0.5
69 2 0.9
56.8 0.5
0.5
181 18  8.1 60.3  0.9 0.6
105 19  8.55 60.3  0.9 0.6
54 19 8.55
60.3 0.9
0.6
191 7 3.15
57.6 0.9
0.7
172 7 3.15
57.6 0.9
0.7
109 9 4.05
57.6 0.9
0.7
176 1 0.45
75.2 0.6
0.7
127 3 1.35
75.2 0.6
0.7
127 3 1.35
75.2 0.6
0.7
165 4 1.8
64.1 0.8
0.7
141 5 2.25
64.1 0.8
0.7
134 5 2.25
64.1 0.8
0.7
153 2 0.9
59 0.6  0.9
114 2 0.9
59 0.6  0.9
88 4 1.8
59 0.6  0.9
166 3 1.35
74 0.9  0.7
111 4 1.8
74 0.9  0.7
110 5 2.25
74 0.9  0.7
161 1 0.45
66.8 0.9
0.8
136 2 0.9
66.8 0.9
0.8
56 2 0.9
66.8 0.9
0.8
160 17  7.65 54.8  0.6 0.8
103 19  8.55 54.8  0.6 0.8
63 19 8.55
54.8 0.6
0.8
168 1 0.45
64 0.6  0.6
152 2 0.9
64 0.6  0.6
93 2 0.9
64 0.6  0.6
139 16  7.2 77.6  0.6 0.6
86 17 7.65
77.6 0.6
0.6
61 18 8.1
77.6 0.6
0.6
181 11  4.95 74.1  0.8 0.6
121 12  5.4 74.1  0.8 0.6
64 12 5.4
74.1 0.8
0.6
171 10  4.5 58.5  0.7 0.5
115 10  4.5 58.5  0.7 0.5
76 11 4.95
58.5 0.7
0.5
196 13  5.85 51.9  0.9 0.6
157 15  6.75 51.9  0.9 0.6
96 16 7.2
51.9 0.9
0.6
181 9 4.05
55.7 0.6
0.8
155 10  4.5 55.7  0.6 0.8
56 11 4.95
55.7 0.6
0.8
178 5 2.25
73.5 0.7
0.7
166 6 2.7
73.5 0.7
0.7
128 6 2.7
73.5 0.7
0.7
194 1 0.45
65.6 0.6
0.9
79 2 0.9
65.6 0.6
0.9
78 2 0.9
65.6 0.6
0.9
188 14  6.3 54.7  0.7 0.6
126 14  6.3 54.7  0.7 0.6
119 15  6.75 54.7  0.7 0.6
173 17  7.65 54.1  0.8 0.8
100 18  8.1 54.1  0.8 0.8
86 19 8.55
54.1 0.8
0.8
161 15  6.75 73.1  0.6 0.7
126 15  6.75 73.1  0.6 0.7
69 17 7.65
73.1 0.6
0.7
199 11  4.95 72.6  0.8 0.9
186 11  4.95 72.6  0.8 0.9
128 13  5.85 72.6  0.8 0.9
79 2 0.9
63.1 0.6
0.9
74 2 0.9
63.1 0.6
0.9
72 3 1.35
63.1 0.6
0.9
117 17  7.65 77  0.5 0.5
116 18  8.1 77  0.5 0.5
99 19 8.55
77 0.5  0.5
192 16  7.2 54.9  0.8 0.5
154 16  7.2 54.9  0.8 0.5
51 18 8.1
54.9 0.8
0.5
200 1 0.45
56.8 0.5
0.8
189 2 0.9
56.8 0.5
0.8
71 2 0.9
56.8 0.5
0.8
178 12  5.4 51.8  0.8 0.9
61 12 5.4
51.8 0.8
0.9
52 14 6.3
51.8 0.8
0.9
160 12  5.4 66.2  0.8 0.6
130 12  5.4 66.2  0.8 0.6
63 13 5.85
66.2 0.8
0.6
174 10  4.5 51.4  0.6 0.6
126 10  4.5 51.4  0.6 0.6
107 10  4.5 51.4  0.6 0.6
126 14  6.3 68.2  0.8 0.6
116 14  6.3 68.2  0.8 0.6
59 15 6.75
68.2 0.8
0.6
178 8 3.6
69.3 0.6
0.6
121 10  4.5 69.3  0.6 0.6
86 11 4.95
69.3 0.6
0.6
122 3 1.35
63.2 0.9
0.5
86 6 2.7
63.2 0.9
0.5
84 6 2.7
63.2 0.9
0.5
92 10 4.5
79.8 0.6
0.6
79 10 4.5
79.8 0.6
0.6
63 10 4.5
79.8 0.6
0.6
181 16  7.2 76.1  0.8 0.5
107 17  7.65 76.1  0.8 0.5
54 18 8.1
76.1 0.8
0.5
192 13  5.85 61.2  0.6 0.6
156 13  5.85 61.2  0.6 0.6
101 14  6.3 61.2  0.6 0.6
154 11  4.95 70.2  0.9 0.9
128 12  5.4 70.2  0.9 0.9
118 12  5.4 70.2  0.9 0.9
166 16  7.2 75  0.6 0.5
149 18  8.1 75  0.6 0.5
123 19  8.55 75  0.6 0.5
146 14  6.3 62.7  0.7 0.9
130 15  6.75 62.7  0.7 0.9
83 15 6.75
62.7 0.7
0.9
191 13  5.85 59.9  0.8 0.5
143 13  5.85 59.9  0.8 0.5
109 14  6.3 59.9  0.8 0.5
115 5 2.25
56.4 0.7
0.6
83 5 2.25
56.4 0.7
0.6
55 6 2.7
56.4 0.7
0.6
165 19  8.55 53.1  0.5 0.7
156 19  8.55 53.1  0.5 0.7
141 21  9.45 53.1  0.5 0.7
138 14  6.3 58.8  0.6 0.6
82 14 6.3
58.8 0.6
0.6
72 16 7.2
58.8 0.6
0.6
179 9 4.05
76.1 0.7
0.9
124 11  4.95 76.1  0.7 0.9
78 12 5.4
76.1 0.7
0.9
187 1 0.45
58.8 0.7
0.6
182 2 0.9
58.8 0.7
0.6
172 2 0.9
58.8 0.7
0.6
200 19  8.55 52  0.6 0.8
88 20 9
52 0.6  0.8
64 21 9.45
52 0.6  0.8
163 7 3.15
53.6 0.8
0.6
151 8 3.6
53.6 0.8
0.6
107 9 4.05
53.6 0.8
0.6
173 2 0.9
70.7 0.5
0.7
117 2 0.9
70.7 0.5
0.7
75 3 1.35
70.7 0.5
0.7
176 7 3.15
60.7 0.6
0.6
76 7 3.15
60.7 0.6
0.6
52 8 3.6
60.7 0.6
0.6
119 10  4.5 79.1  0.8 0.6
95 10 4.5
79.1 0.8
0.6
71 13 5.85
79.1 0.8
0.6
166 12  5.4 78.8  0.8 0.8
152 13  5.85 78.8  0.8 0.8
94 13 5.85
78.8 0.8
0.8
178 2 0.9
53.3 0.8
0.8
113 3 1.35
53.3 0.8
0.8
58 3 1.35
53.3 0.8
0.8
176 2 0.9
66 0.7  0.7
145 2 0.9
66 0.7  0.7
119 3 1.35
66 0.7  0.7
199 13  5.85 72  0.7 0.9
150 15  6.75 72  0.7 0.9
117 16  7.2 72  0.7 0.9
190 19  8.55 79.8  0.7 0.7
87 20 9
79.8 0.7
0.7
77 21 9.45
79.8 0.7
0.7
163 1 0.45
73.1 0.8
0.8
106 3 1.35
73.1 0.8
0.8
67 4 1.8
73.1 0.8
0.8
113 4 1.8
77.2 0.6
0.8
94 4 1.8
77.2 0.6
0.8
59 5 2.25
77.2 0.6
0.8
149 1 0.45
74.6 0.6
0.7
97 1 0.45
74.6 0.6
0.7
89 4 1.8
74.6 0.6
0.7
182 18  8.1 72.5  0.6 0.9
100 19  8.55 72.5  0.6 0.9
57 20 9
72.5 0.6
0.9
156 8 3.6
54.7 0.6
0.8
91 8 3.6
54.7 0.6
0.8
50 8 3.6
54.7 0.6
0.8
188 1 0.45
78.4 0.7
0.7
159 2 0.9
78.4 0.7
0.7
119 2 0.9
78.4 0.7
0.7
99 17 7.65
64.5 0.5
0.7
65 19 8.55
64.5 0.5
0.7
52 19 8.55
64.5 0.5
0.7
78 5 2.25
62.8 0.9
0.8
76 5 2.25
62.8 0.9
0.8
50 6 2.7
62.8 0.9
0.8
124 6 2.7
69.9 0.8
0.7
98 7 3.15
69.9 0.8
0.7
69 7 3.15
69.9 0.8
0.7
153 3 1.35
76.7 0.7
0.5
83 3 1.35
76.7 0.7
0.5
58 5 2.25
76.7 0.7
0.5
175 7 3.15
77.5 0.7
0.6
144 8 3.6
77.5 0.7
0.6
69 8 3.6
77.5 0.7
0.6
167 9 4.05
63.9 0.6
0.5
144 10  4.5 63.9  0.6 0.5
140 12  5.4 63.9  0.6 0.5
112 12  5.4 55.9  0.6 0.8
103 13  5.85 55.9  0.6 0.8
65 14 6.3
55.9 0.6
0.8
96 2 0.9
58.1 0.7
0.9
61 3 1.35
58.1 0.7
0.9
52 5 2.25
58.1 0.7
0.9
168 1 0.45
66.3 0.8
0.9
133 2 0.9
66.3 0.8
0.9
66 3 1.35
66.3 0.8
0.9
128 14  6.3 72.4  0.9 0.7
124 15  6.75 72.4  0.9 0.7
60 16 7.2
72.4 0.9
0.7
188 19  8.55 56.2  0.9 0.7
121 20  9 56.2  0.9 0.7
60 20 9
56.2 0.9
0.7
135 9 4.05
74.1 0.9
0.8
84 9 4.05
74.1 0.9
0.8
79 11 4.95
74.1 0.9
0.8
105 17  7.65 71.4  0.8 0.9
63 18 8.1
71.4 0.8
0.9
56 18 8.1
71.4 0.8
0.9
138 12  5.4 57.3  0.8 0.8
136 12  5.4 57.3  0.8 0.8
119 12  5.4 57.3  0.8 0.8
125 10  4.5 55.7  0.6 0.7
97 10 4.5
55.7 0.6
0.7
88 11 4.95
55.7 0.6
0.7
157 17  7.65 76.1  0.6 0.6
114 18  8.1 76.1  0.6 0.6
88 20 9
76.1 0.6
0.6
185 4 1.8
53.2 0.5
0.7
166 5 2.25
53.2 0.5
0.7
145 6 2.7
53.2 0.5
0.7
172 2 0.9
60.7 0.8
0.5
142 2 0.9
60.7 0.8
0.5
77 2 0.9
60.7 0.8
0.5
131 18  8.1 75.3  0.8 0.6
99 19 8.55
75.3 0.8
0.6
84 19 8.55
75.3 0.8
0.6
194 16  7.2 70.9  0.8 0.8
136 17  7.65 70.9  0.8 0.8
135 17  7.65 70.9  0.8 0.8
150 1 0.45
56 0.5  0.8
141 1 0.45
56 0.5  0.8
101 1 0.45
56 0.5  0.8
194 12  5.4 65.4  0.7 0.5
170 13  5.85 65.4  0.7 0.5
94 13 5.85
65.4 0.7
0.5
161 17  7.65 65.8  0.6 0.6
138 17  7.65 65.8  0.6 0.6
65 18 8.1
65.8 0.6
0.6
129 4 1.8
57 0.9  0.6
77 5 2.25
57 0.9  0.6
60 6 2.7
57 0.9  0.6
105 3 1.35
66.8 0.8
0.7
85 4 1.8
66.8 0.8
0.7
85 5 2.25
66.8 0.8
0.7
159 5 2.25
60.3 0.8
0.9
146 6 2.7
60.3 0.8
0.9
61 6 2.7
60.3 0.8
0.9
190 9 4.05
62.9 0.9
0.9
93 10 4.5
62.9 0.9
0.9
56 10 4.5
62.9 0.9
0.9
193 17  7.65 75.8  0.8 0.9
155 17  7.65 75.8  0.8 0.9
93 19 8.55
75.8 0.8
0.9
179 12  5.4 55.8  0.7 0.8
83 12 5.4
55.8 0.7
0.8
76 14 6.3
55.8 0.7
0.8
156 11  4.95 76.6  0.8 0.7
84 11 4.95
76.6 0.8
0.7
73 11 4.95
76.6 0.8
0.7
152 16  7.2 75.6  0.9 0.6
133 18  8.1 75.6  0.9 0.6
130 18  8.1 75.6  0.9 0.6
190 5 2.25
54.1 0.8
0.6
91 6 2.7
54.1 0.8
0.6
88 7 3.15
54.1 0.8
0.6
122 10  4.5 75.4  0.6 0.8
69 10 4.5
75.4 0.6
0.8
51 12 5.4
75.4 0.6
0.8
197 13  5.85 72.1  0.7 0.7
146 13  5.85 72.1  0.7 0.7
50 13 5.85
72.1 0.7
0.7
132 1 0.45
67.6 0.9
0.8
103 2 0.9
67.6 0.9
0.8
71 3 1.35
67.6 0.9
0.8
160 13  5.85 53.4  0.8 0.6
121 15  6.75 53.4  0.8 0.6
116 16  7.2 53.4  0.8 0.6
190 13  5.85 67.9  0.9 0.6
189 14  6.3 67.9  0.9 0.6
68 15 6.75
67.9 0.9
0.6
199 1 0.45
74.7 0.9
0.6
174 1 0.45
74.7 0.9
0.6
156 2 0.9
74.7 0.9
0.6
115 18  8.1 73.4  0.6 0.7
95 18 8.1
73.4 0.6
0.7
75 20 9
73.4 0.6
0.7
178 7 3.15
76.5 0.9
0.6
136 7 3.15
76.5 0.9
0.6
54 7 3.15
76.5 0.9
0.6
124 3 1.35
61 0.8  0.8
79 3 1.35
61 0.8  0.8
53 3 1.35
61 0.8  0.8
142 2 0.9
73.6 0.9
0.8
76 2 0.9
73.6 0.9
0.8
59 2 0.9
73.6 0.9
0.8
198 17  7.65 60.8  0.6 0.7
151 18  8.1 60.8  0.6 0.7
89 18 8.1
60.8 0.6
0.7
186 9 4.05
68 0.9  0.7
174 10  4.5 68  0.9 0.7
147 12  5.4 68  0.9 0.7
169 2 0.9
63.7 0.7
0.6
161 4 1.8
63.7 0.7
0.6
138 5 2.25
63.7 0.7
0.6
180 17  7.65 68.3  0.9 0.8
77 17 7.65
68.3 0.9
0.8
73 19 8.55
68.3 0.9
0.8
195 17  7.65 75.9  0.7 0.9
159 17  7.65 75.9  0.7 0.9
53 18 8.1
75.9 0.7
0.9
146 7 3.15
77.7 0.7
0.5
135 8 3.6
77.7 0.7
0.5
55 8 3.6
77.7 0.7
0.5
106 3 1.35
53.5 0.8
0.8
87 4 1.8
53.5 0.8
0.8
61 4 1.8
53.5 0.8
0.8
122 15  6.75 73.5  0.7 0.6
118 15  6.75 73.5  0.7 0.6
89 16 7.2
73.5 0.7
0.6
192 11  4.95 53.8  0.8 0.8
168 13  5.85 53.8  0.8 0.8
97 14 6.3
53.8 0.8
0.8
192 1 0.45
67.3 0.9
0.8
171 2 0.9
67.3 0.9
0.8
141 3 1.35
67.3 0.9
0.8
197 14  6.3 79.4  0.9 0.7
107 14  6.3 79.4  0.9 0.7
90 16 7.2
79.4 0.9
0.7
199 17  7.65 64.4  0.6 0.7
153 18  8.1 64.4  0.6 0.7
112 19  8.55 64.4  0.6 0.7
154 1 0.45
63.3 0.7
0.9
99 2 0.9
63.3 0.7
0.9
59 3 1.35
63.3 0.7
0.9
183 3 1.35
78.7 0.7
0.8
152 4 1.8
78.7 0.7
0.8
121 6 2.7
78.7 0.7
0.8
163 18  8.1 68.6  0.9 0.6
143 18  8.1 68.6  0.9 0.6
73 19 8.55
68.6 0.9
0.6
157 14  6.3 51.4  0.5 0.9
156 15  6.75 51.4  0.5 0.9
101 16  7.2 51.4  0.5 0.9
141 10  4.5 63.3  0.7 0.6
105 12  5.4 63.3  0.7 0.6
95 12 5.4
63.3 0.7
0.6
154 8 3.6
76.2 0.7
0.9
109 9 4.05
76.2 0.7
0.9
76 10 4.5
76.2 0.7
0.9
155 18  8.1 54.3  0.9 0.7
155 18  8.1 54.3  0.9 0.7
84 18 8.1
54.3 0.9
0.7
181 11  4.95 67.8  0.8 0.6
168 12  5.4 67.8  0.8 0.6
164 14  6.3 67.8  0.8 0.6
155 10  4.5 57.6  0.6 0.5
79 10 4.5
57.6 0.6
0.5
75 11 4.95
57.6 0.6
0.5
159 17  7.65 78.3  0.7 0.5
100 17  7.65 78.3  0.7 0.5
70 19 8.55
78.3 0.7
0.5
135 2 0.9
51.3 0.6
0.6
112 2 0.9
51.3 0.6
0.6
100 2 0.9
51.3 0.6
0.6
162 18  8.1 50.2  0.7 0.5
105 20  9 50.2  0.7 0.5
78 20 9
50.2 0.7
0.5
180 7 3.15
69.8 0.6
0.5
153 8 3.6
69.8 0.6
0.5
136 9 4.05
69.8 0.6
0.5
160 2 0.9
73.1 0.5
0.6
94 2 0.9
73.1 0.5
0.6
82 3 1.35
73.1 0.5
0.6
194 4 1.8
56.2 0.5
0.8
186 5 2.25
56.2 0.5
0.8
129 6 2.7
56.2 0.5
0.8
169 1 0.45
71 0.6  0.7
70 2 0.9
71 0.6  0.7
51 2 0.9
71 0.6  0.7
163 18  8.1 73.4  0.6 0.5
163 19  8.55 73.4  0.6 0.5
156 19  8.55 73.4  0.6 0.5
175 4 1.8
73.6 0.5
0.8
148 5 2.25
73.6 0.5
0.8
132 7 3.15
73.6 0.5
0.8
159 2 0.9
74.2 0.7
0.7
137 3 1.35
74.2 0.7
0.7
86 3 1.35
74.2 0.7
0.7
149 1 0.45
78.2 0.8
0.8
148 4 1.8
78.2 0.8
0.8
64 4 1.8
78.2 0.8
0.8
153 5 2.25
71.9 0.8
0.9
151 5 2.25
71.9 0.8
0.9
59 6 2.7
71.9 0.8
0.9
154 8 3.6
77.2 0.6
0.7
84 12 5.4
77.2 0.6
0.7
57 12 5.4
77.2 0.6
0.7
184 10  4.5 58  0.6 0.9
60 10 4.5
58 0.6  0.9
59 11 4.95
58 0.6  0.9
178 14  6.3 52.8  0.6 0.8
162 15  6.75 52.8  0.6 0.8
73 16 7.2
52.8 0.6
0.8
194 9 4.05
76.4 0.5
0.6
93 9 4.05
76.4 0.5
0.6
71 10 4.5
76.4 0.5
0.6
192 4 1.8
74.7 0.8
0.8
165 5 2.25
74.7 0.8
0.8
93 5 2.25
74.7 0.8
0.8
198 1 0.45
73.4 0.6
0.6
149 1 0.45
73.4 0.6
0.6
110 1 0.45
73.4 0.6
0.6
110 13  5.85 56.7  0.9 0.8
108 14  6.3 56.7  0.9 0.8
95 15 6.75
56.7 0.9
0.8
125 15  6.75 65.7  0.6 0.7
116 15  6.75 65.7  0.6 0.7
83 15 6.75
65.7 0.6
0.7
149 11  4.95 55.9  0.7 0.8
123 12  5.4 55.9  0.7 0.8
58 13 5.85
55.9 0.7
0.8
195 18  8.1 55.8  0.7 0.8
122 18  8.1 55.8  0.7 0.8
107 18  8.1 55.8  0.7 0.8
199 5 2.25
68.6 0.8
0.6
147 5 2.25
68.6 0.8
0.6
73 6 2.7
68.6 0.8
0.6
152 16  7.2 78.7  0.5 0.9
147 17  7.65 78.7  0.5 0.9
115 18  8.1 78.7  0.5 0.9
172 9 4.05
51.7 0.8
0.6
124 10  4.5 51.7  0.8 0.6
87 13 5.85
51.7 0.8
0.6
84 3 1.35
61.3 0.8
0.6
70 3 1.35
61.3 0.8
0.6
69 3 1.35
61.3 0.8
0.6
128 18  8.1 51.9  0.7 0.7
116 20  9 51.9  0.7 0.7
91 21 9.45
51.9 0.7
0.7
154 7 3.15
51 0.6  0.6
121 7 3.15
51 0.6  0.6
104 9 4.05
51 0.6  0.6
124 17  7.65 69.4  0.6 0.6
115 18  8.1 69.4  0.6 0.6
112 19  8.55 69.4  0.6 0.6
148 12  5.4 78  0.5 0.7
139 13  5.85 78  0.5 0.7
115 14  6.3 78  0.5 0.7
129 10  4.5 59.7  0.8 0.8
113 10  4.5 59.7  0.8 0.8
55 13 5.85
59.7 0.8
0.8
118 19  8.55 65.1  0.8 0.6
96 19 8.55
65.1 0.8
0.6
73 19 8.55
65.1 0.8
0.6
194 12  5.4 71.5  0.7 0.6
112 13  5.85 71.5  0.7 0.6
50 13 5.85
71.5 0.7
0.6
165 9 4.05
63.5 0.8
0.8
153 10  4.5 63.5  0.8 0.8
69 10 4.5
63.5 0.8
0.8
93 13 5.85
72.6 0.8
0.6
88 14 6.3
72.6 0.8
0.6
54 15 6.75
72.6 0.8
0.6
131 9 4.05
55.2 0.8
0.7
93 11 4.95
55.2 0.8
0.7
74 11 4.95
55.2 0.8
0.7
184 4 1.8
69.6 0.7
0.7
101 4 1.8
69.6 0.7
0.7
51 5 2.25
69.6 0.7
0.7
198 7 3.15
73.1 0.8
0.6
93 7 3.15
73.1 0.8
0.6
72 8 3.6
73.1 0.8
0.6
179 10  4.5 66.1  0.5 0.8
150 11  4.95 66.1  0.5 0.8
119 11  4.95 66.1  0.5 0.8
136 13  5.85 66.1  0.5 0.9
132 13  5.85 66.1  0.5 0.9
112 14  6.3 66.1  0.5 0.9
199 2 0.9
73.6 0.6
0.9
178 3 1.35
73.6 0.6
0.9
172 5 2.25
73.6 0.6
0.9
115 4 1.8
64.4 0.8
0.9
105 5 2.25
64.4 0.8
0.9
88 6 2.7
64.4 0.8
0.9
196 17  7.65 66.8  0.7 0.9
158 19  8.55 66.8  0.7 0.9
53 20 9
66.8 0.7
0.9
195 13  5.85 67.2  0.5 0.7
116 13  5.85 67.2  0.5 0.7
82 16 7.2
67.2 0.5
0.7
189 9 4.05
66.3 0.5
0.9
133 11  4.95 66.3  0.5 0.9
96 12 5.4
66.3 0.5
0.9
196 5 2.25
74.5 0.8
0.5
117 6 2.7
74.5 0.8
0.5
66 6 2.7
74.5 0.8
0.5
136 2 0.9
73.9 0.5
0.8
74 2 0.9
73.9 0.5
0.8
62 2 0.9
73.9 0.5
0.8
186 2 0.9
71.2 0.6
0.8
173 3 1.35
71.2 0.6
0.8
161 3 1.35
71.2 0.6
0.8
151 6 2.7
63.2 0.6
0.9
83 6 2.7
63.2 0.6
0.9
66 7 3.15
63.2 0.6
0.9
199 12  5.4 73.5  0.8 0.7
177 12  5.4 73.5  0.8 0.7
174 12  5.4 73.5  0.8 0.7
165 10  4.5 56.6  0.6 0.5
128 10  4.5 56.6  0.6 0.5
109 11  4.95 56.6  0.6 0.5
194 13  5.85 60.1  0.7 0.8
177 14  6.3 60.1  0.7 0.8
176 16  7.2 60.1  0.7 0.8
193 9 4.05
51.1 0.5
0.7
172 9 4.05
51.1 0.5
0.7
169 11  4.95 51.1  0.5 0.7
171 4 1.8
67.9 0.6
0.5
122 5 2.25
67.9 0.6
0.5
108 6 2.7
67.9 0.6
0.5
136 6 2.7
58.9 0.8
0.9
110 7 3.15
58.9 0.8
0.9
60 9 4.05
58.9 0.8
0.9
160 11  4.95 76  0.9 0.5
101 11  4.95 76  0.9 0.5
73 11 4.95
76 0.9  0.5
123 12  5.4 71.1  0.7 0.8
116 12  5.4 71.1  0.7 0.8
70 13 5.85
71.1 0.7
0.8
174 1 0.45
59.4 0.6
0.6
85 3 1.35
59.4 0.6
0.6
55 4 1.8
59.4 0.6
0.6
186 1 0.45
52.7 0.7
0.9
170 1 0.45
52.7 0.7
0.9
118 2 0.9
52.7 0.7
0.9
199 12  5.4 52.7  0.5 0.6
160 13  5.85 52.7  0.5 0.6
97 14 6.3
52.7 0.5
0.6
170 17  7.65 69.1  0.7 0.5
123 18  8.1 69.1  0.7 0.5
103 19  8.55 69.1  0.7 0.5
199 14  6.3 73.1  0.8 0.8
190 15  6.75 73.1  0.8 0.8
125 16  7.2 73.1  0.8 0.8
123 12  5.4 52.9  0.9 0.9
92 14 6.3
52.9 0.9
0.9
70 15 6.75
52.9 0.9
0.9
167 1 0.45
52.3 0.7
0.8
129 1 0.45
52.3 0.7
0.8
97 2 0.9
52.3 0.7
0.8
139 18  8.1 61.9  0.6 0.6
113 20  9 61.9  0.6 0.6
95 21 9.45
61.9 0.6
0.6
99 7 3.15
54.5 0.5
0.7
91 7 3.15
54.5 0.5
0.7
64 7 3.15
54.5 0.5
0.7
124 1 0.45
75.9 0.8
0.5
113 3 1.35
75.9 0.8
0.5
88 3 1.35
75.9 0.8
0.5
198 1 0.45
58.7 0.7
0.6
188 2 0.9
58.7 0.7
0.6
129 3 1.35
58.7 0.7
0.6
192 8 3.6
72 0.8  0.6
176 9 4.05
72 0.8  0.6
100 10  4.5 72  0.8 0.6
163 18  8.1 58.6  0.7 0.6
149 19  8.55 58.6  0.7 0.6
120 19  8.55 58.6  0.7 0.6
165 13  5.85 62.1  0.6 0.8
152 13  5.85 62.1  0.6 0.8
58 14 6.3
62.1 0.6
0.8
183 10  4.5 60.5  0.6 0.6
163 11  4.95 60.5  0.6 0.6
107 12  5.4 60.5  0.6 0.6
183 16  7.2 52.7  0.9 0.6
113 18  8.1 52.7  0.9 0.6
104 18  8.1 52.7  0.9 0.6
128 17  7.65 71.6  0.8 0.5
79 17 7.65
71.6 0.8
0.5
64 19 8.55
71.6 0.8
0.5
120 5 2.25
51.4 0.5
0.8
92 5 2.25
51.4 0.5
0.8
67 5 2.25
51.4 0.5
0.8
172 1 0.45
56.8 0.8
0.8
146 1 0.45
56.8 0.8
0.8
100 3 1.35
56.8 0.8
0.8
149 13  5.85 57.9  0.8 0.6
131 14  6.3 57.9  0.8 0.6
64 15 6.75
57.9 0.8
0.6
168 17  7.65 58.3  0.7 0.8
122 17  7.65 58.3  0.7 0.8
88 19 8.55
58.3 0.7
0.8
145 1 0.45
50.9 0.8
0.6
108 2 0.9
50.9 0.8
0.6
75 2 0.9
50.9 0.8
0.6
94 16 7.2
75.8 0.8
0.9
90 16 7.2
75.8 0.8
0.9
76 17 7.65
75.8 0.8
0.9
195 18  8.1 52.8  0.7 0.9
165 19  8.55 52.8  0.7 0.9
163 19  8.55 52.8  0.7 0.9
107 16  7.2 61  0.7 0.8
65 17 7.65
61 0.7  0.8
51 17 7.65
61 0.7  0.8
175 4 1.8
73.5 0.5
0.5
151 4 1.8
73.5 0.5
0.5
130 6 2.7
73.5 0.5
0.5
174 19  8.55 50.4  0.7 0.6
172 19  8.55 50.4  0.7 0.6
141 21  9.45 50.4  0.7 0.6
148 15  6.75 65.6  0.7 0.6
115 15  6.75 65.6  0.7 0.6
73 16 7.2
65.6 0.7
0.6
172 9 4.05
50.2 0.5
0.5
117 11  4.95 50.2  0.5 0.5
69 12 5.4
50.2 0.5
0.5
186 15  6.75 63.1  0.8 0.7
135 16  7.2 63.1  0.8 0.7
119 17  7.65 63.1  0.8 0.7
105 12  5.4 51.4  0.6 0.5
84 12 5.4
51.4 0.6
0.5
54 13 5.85
51.4 0.6
0.5
129 12  5.4 58.5  0.6 0.6
113 12  5.4 58.5  0.6 0.6
90 12 5.4
58.5 0.6
0.6
144 9 4.05
53.8 0.6
0.8
135 10  4.5 53.8  0.6 0.8
60 12 5.4
53.8 0.6
0.8
197 13  5.85 75.7  0.9 0.7
113 15  6.75 75.7  0.9 0.7
73 16 7.2
75.7 0.9
0.7
189 10  4.5 53.6  0.8 0.6
106 11  4.95 53.6  0.8 0.6
81 12 5.4
53.6 0.8
0.6
153 4 1.8
75.5 0.6
0.7
123 5 2.25
75.5 0.6
0.7
116 5 2.25
75.5 0.6
0.7
184 6 2.7
69.8 0.6
0.9
92 6 2.7
69.8 0.6
0.9
62 8 3.6
69.8 0.6
0.9
179 11  4.95 56.3  0.6 0.6
127 12  5.4 56.3  0.6 0.6
118 13  5.85 56.3  0.6 0.6
147 13  5.85 54.2  0.5 0.6
143 14  6.3 54.2  0.5 0.6
120 14  6.3 54.2  0.5 0.6
139 1 0.45
69.3 0.6
0.8
122 3 1.35
69.3 0.6
0.8
86 3 1.35
69.3 0.6
0.8
166 8 3.6
67.2 0.6
0.5
141 9 4.05
67.2 0.6
0.5
123 10  4.5 67.2  0.6 0.5
148 18  8.1 62.9  0.7 0.7
133 18  8.1 62.9  0.7 0.7
72 18 8.1
62.9 0.7
0.7
197 12  5.4 57.4  0.6 0.7
182 13  5.85 57.4  0.6 0.7
85 14 6.3
57.4 0.6
0.7
154 10  4.5 61.4  0.9 0.8
131 11  4.95 61.4  0.9 0.8
54 12 5.4
61.4 0.9
0.8
192 17  7.65 58.5  0.8 0.8
53 19 8.55
58.5 0.8
0.8
52 20 9
58.5 0.8
0.8
108 2 0.9
56.5 0.6
0.9
89 2 0.9
56.5 0.6
0.9
73 4 1.8
56.5 0.6
0.9
193 12  5.4 65.7  0.8 0.8
85 13 5.85
65.7 0.8
0.8
65 13 5.85
65.7 0.8
0.8
132 16  7.2 56.1  0.8 0.6
62 18 8.1
56.1 0.8
0.6
60 20 9
56.1 0.8
0.6
117 3 1.35
68.2 0.8
0.9
91 5 2.25
68.2 0.8
0.9
70 5 2.25
68.2 0.8
0.9
192 2 0.9
75.5 0.8
0.8
175 2 0.9
75.5 0.8
0.8
155 3 1.35
75.5 0.8
0.8
171 5 2.25
51.5 0.8
0.7
144 6 2.7
51.5 0.8
0.7
74 7 3.15
51.5 0.8
0.7
166 15  6.75 71.4  0.8 0.7
73 17 7.65
71.4 0.8
0.7
62 17 7.65
71.4 0.8
0.7
145 11  4.95 71.5  0.7 0.6
117 11  4.95 71.5  0.7 0.6
92 12 5.4
71.5 0.7
0.6
174 9 4.05
50.8 0.8
0.5
80 9 4.05
50.8 0.8
0.5
52 10 4.5
50.8 0.8
0.5
156 12  5.4 75.5  0.5 0.8
148 15  6.75 75.5  0.5 0.8
50 16 7.2
75.5 0.5
0.8
171 9 4.05
70.3 0.8
0.6
106 9 4.05
70.3 0.8
0.6
102 11  4.95 70.3  0.8 0.6
86 5 2.25
51.1 0.8
0.5
81 5 2.25
51.1 0.8
0.5
55 7 3.15
51.1 0.8
0.5
142 14  6.3 63.7  0.8 0.7
78 15 6.75
63.7 0.8
0.7
64 16 7.2
63.7 0.8
0.7
129 10  4.5 51.1  0.7 0.7
108 11  4.95 51.1  0.7 0.7
79 11 4.95
51.1 0.7
0.7
182 3 1.35
74.1 0.6
0.8
149 3 1.35
74.1 0.6
0.8
141 4 1.8
74.1 0.6
0.8
152 17  7.65 71.4  0.6 0.7
150 19  8.55 71.4  0.6 0.7
97 19 8.55
71.4 0.6
0.7
198 2 0.9
57.1 0.6
0.8
177 2 0.9
57.1 0.6
0.8
89 3 1.35
57.1 0.6
0.8
161 15  6.75 76.1  0.5 0.6
113 16  7.2 76.1  0.5 0.6
55 16 7.2
76.1 0.5
0.6
198 19  8.55 64.5  0.6 0.6
140 19  8.55 64.5  0.6 0.6
76 20 9
64.5 0.6
0.6
131 14  6.3 57.5  0.7 0.8
114 14  6.3 57.5  0.7 0.8
85 17 7.65
57.5 0.7
0.8
191 13  5.85 78.9  0.8 0.8
160 14  6.3 78.9  0.8 0.8
119 14  6.3 78.9  0.8 0.8
189 6 2.7
56.6 0.9
0.6
92 7 3.15
56.6 0.9
0.6
59 8 3.6
56.6 0.9
0.6
131 10  4.5 52.2  0.6 0.7
116 11  4.95 52.2  0.6 0.7
106 12  5.4 52.2  0.6 0.7
162 13  5.85 77.6  0.7 0.8
102 13  5.85 77.6  0.7 0.8
90 14 6.3
77.6 0.7
0.8
200 1 0.45
54.2 0.9
0.7
55 3 1.35
54.2 0.9
0.7
51 4 1.8
54.2 0.9
0.7
179 2 0.9
68.5 0.7
0.6
138 2 0.9
68.5 0.7
0.6
90 3 1.35
68.5 0.7
0.6
168 1 0.45
78.1 0.8
0.8
156 1 0.45
78.1 0.8
0.8
76 2 0.9
78.1 0.8
0.8
170 12  5.4 62.5  0.6 0.8
153 14  6.3 62.5  0.6 0.8
110 16  7.2 62.5  0.6 0.8
146 9 4.05
74.4 0.8
0.8
73 9 4.05
74.4 0.8
0.8
52 9 4.05
74.4 0.8
0.8
157 17  7.65 62.3  0.8 0.8
110 19  8.55 62.3  0.8 0.8
68 20 9
62.3 0.8
0.8
187 13  5.85 51.8  0.8 0.8
175 13  5.85 51.8  0.8 0.8
166 14  6.3 51.8  0.8 0.8
176 10  4.5 78.6  0.7 0.7
152 11  4.95 78.6  0.7 0.7
89 12 5.4
78.6 0.7
0.7
181 17  7.65 56.2  0.7 0.8
160 18  8.1 56.2  0.7 0.8
73 20 9
56.2 0.7
0.8
168 5 2.25
50.8 0.5
0.6
166 6 2.7
50.8 0.5
0.6
166 6 2.7
50.8 0.5
0.6
151 18  8.1 56.7  0.7 0.5
113 19  8.55 56.7  0.7 0.5
110 19  8.55 56.7  0.7 0.5
188 14  6.3 60.1  0.6 0.7
133 15  6.75 60.1  0.6 0.7
124 17  7.65 60.1  0.6 0.7
181 11  4.95 63.3  0.6 0.8
97 11 4.95
63.3 0.6
0.8
79 13 5.85
63.3 0.6
0.8
191 16  7.2 70.6  0.6 0.6
150 17  7.65 70.6  0.6 0.6
130 17  7.65 70.6  0.6 0.6
187 15  6.75 54.1  0.7 0.7
117 15  6.75 54.1  0.7 0.7
55 17 7.65
54.1 0.7
0.7
112 13  5.85 72.8  0.8 0.9
109 14  6.3 72.8  0.8 0.9
66 15 6.75
72.8 0.8
0.9
83 4 1.8
70.6 0.7
0.6
81 5 2.25
70.6 0.7
0.6
77 6 2.7
70.6 0.7
0.6
190 1 0.45
61.1 0.5
0.5
185 1 0.45
61.1 0.5
0.5
149 2 0.9
61.1 0.5
0.5
183 18  8.1 75.8  0.7 0.6
59 19 8.55
75.8 0.7
0.6
51 19 8.55
75.8 0.7
0.6
155 8 3.6
78.7 0.5
0.8
135 8 3.6
78.7 0.5
0.8
82 9 4.05
78.7 0.5
0.8
134 16  7.2 66.9  0.6 0.5
91 19 8.55
66.9 0.6
0.5
77 19 8.55
66.9 0.6
0.5
185 12  5.4 53.7  0.5 0.7
181 15  6.75 53.7  0.5 0.7
79 15 6.75
53.7 0.5
0.7
112 10  4.5 52.3  0.6 0.5
80 11 4.95
52.3 0.6
0.5
58 13 5.85
52.3 0.6
0.5
127 16  7.2 61.5  0.7 0.9
107 16  7.2 61.5  0.7 0.9
64 17 7.65
61.5 0.7
0.9
193 6 2.7
58 0.6  0.8
72 8 3.6
58 0.6  0.8
56 9 4.05
58 0.6  0.8
189 9 4.05
55.3 0.9
0.9
177 10  4.5 55.3  0.9 0.9
151 12  5.4 55.3  0.9 0.9
199 13  5.85 55.3  0.5 0.7
179 15  6.75 55.3  0.5 0.7
79 15 6.75
55.3 0.5
0.7
199 3 1.35
77.1 0.9
0.6
148 3 1.35
77.1 0.9
0.6
96 5 2.25
77.1 0.9
0.6
188 18  8.1 50.7  0.5 0.7
175 19  8.55 50.7  0.5 0.7
106 20  9 50.7  0.5 0.7
195 3 1.35
55.2 0.6
0.9
97 5 2.25
55.2 0.6
0.9
61 6 2.7
55.2 0.6
0.9
191 6 2.7
75.6 0.5
0.5
170 7 3.15
75.6 0.5
0.5
100 7 3.15
75.6 0.5
0.5
127 2 0.9
67.5 0.8
0.6
126 3 1.35
67.5 0.8
0.6
86 3 1.35
67.5 0.8
0.6
187 1 0.45
53.1 0.9
0.6
171 1 0.45
53.1 0.9
0.6
109 2 0.9
53.1 0.9
0.6
164 13  5.85 69.5  0.7 0.6
141 15  6.75 69.5  0.7 0.6
79 16 7.2
69.5 0.7
0.6
182 19  8.55 58.9  0.6 0.6
139 19  8.55 58.9  0.6 0.6
121 20  9 58.9  0.6 0.6
159 16  7.2 75.5  0.5 0.9
159 16  7.2 75.5  0.5 0.9
67 16 7.2
75.5 0.5
0.9
147 8 3.6
68.5 0.8
0.7
138 10  4.5 68.5  0.8 0.7
125 10  4.5 68.5  0.8 0.7
168 3 1.35
73.9 0.9
0.7
164 4 1.8
73.9 0.9
0.7
106 5 2.25
73.9 0.9
0.7
111 16  7.2 54.7  0.7 0.7
91 17 7.65
54.7 0.7
0.7
87 19 8.55
54.7 0.7
0.7
114 11  4.95 65.3  0.7 0.6
80 12 5.4
65.3 0.7
0.6
57 14 6.3
65.3 0.7
0.6
142 8 3.6
64.7 0.9
0.9
125 11  4.95 64.7  0.9 0.9
70 11 4.95
64.7 0.9
0.9
157 14  6.3 50.3  0.6 0.7
80 14 6.3
50.3 0.6
0.7
69 16 7.2
50.3 0.6
0.7
187 8 3.6
66.1 0.7
0.8
121 10  4.5 66.1  0.7 0.8
114 11  4.95 66.1  0.7 0.8
155 4 1.8
71.3 0.7
0.8
134 4 1.8
71.3 0.7
0.8
133 5 2.25
71.3 0.7
0.8
150 1 0.45
59.3 0.6
0.6
120 1 0.45
59.3 0.6
0.6
114 1 0.45
59.3 0.6
0.6
167 13  5.85 80  0.6 0.6
103 13  5.85 80  0.6 0.6
66 13 5.85
80 0.6  0.6
197 1 0.45
69.7 0.8
0.7
179 2 0.9
69.7 0.8
0.7
171 4 1.8
69.7 0.8
0.7
135 15  6.75 62.9  0.6 0.7
117 16  7.2 62.9  0.6 0.7
108 16  7.2 62.9  0.6 0.7
128 19  8.55 75.4  0.6 0.7
119 19  8.55 75.4  0.6 0.7
67 21 9.45
75.4 0.6
0.7
137 16  7.2 50.9  0.6 0.6
124 17  7.65 50.9  0.6 0.6
72 17 7.65
50.9 0.6
0.6
184 9 4.05
69.2 0.7
0.9
112 11  4.95 69.2  0.7 0.9
91 11 4.95
69.2 0.7
0.9
115 1 0.45
71.4 0.8
0.8
114 2 0.9
71.4 0.8
0.8
95 2 0.9
71.4 0.8
0.8
154 18  8.1 77.2  0.7 0.9
96 18 8.1
77.2 0.7
0.9
63 19 8.55
77.2 0.7
0.9
182 17  7.65 71.8  0.9 0.8
179 19  8.55 71.8  0.9 0.8
177 19  8.55 71.8  0.9 0.8
119 5 2.25
56.7 0.9
0.5
92 6 2.7
56.7 0.9
0.5
62 6 2.7
56.7 0.9
0.5
170 5 2.25
79.8 0.7
0.6
151 6 2.7
79.8 0.7
0.6
116 6 2.7
79.8 0.7
0.6
194 3 1.35
52.4 0.7
0.8
153 3 1.35
52.4 0.7
0.8
91 5 2.25
52.4 0.7
0.8
137 17  7.65 51.6  0.7 0.6
104 17  7.65 51.6  0.7 0.6
50 17 7.65
51.6 0.7
0.6
198 1 0.45
50.7 0.6
0.7
172 1 0.45
50.7 0.6
0.7
98 2 0.9
50.7 0.6
0.7
185 4 1.8
58.7 0.5
0.6
146 5 2.25
58.7 0.5
0.6
145 5 2.25
58.7 0.5
0.6
183 4 1.8
68.3 0.8
0.8
158 4 1.8
68.3 0.8
0.8
142 5 2.25
68.3 0.8
0.8
165 1 0.45
64.7 0.9
0.9
122 1 0.45
64.7 0.9
0.9
82 3 1.35
64.7 0.9
0.9
151 18  8.1 55.1  0.9 0.8
100 18  8.1 55.1  0.9 0.8
80 19 8.55
55.1 0.9
0.8
184 11  4.95 65.2  0.7 0.8
139 13  5.85 65.2  0.7 0.8
134 13  5.85 65.2  0.7 0.8
173 11  4.95 59.3  0.6 0.6
122 12  5.4 59.3  0.6 0.6
72 12 5.4
59.3 0.6
0.6
170 15  6.75 65.3  0.8 0.6
102 15  6.75 65.3  0.8 0.6
68 15 6.75
65.3 0.8
0.6
168 8 3.6
57.5 0.8
0.8
117 10  4.5 57.5  0.8 0.8
50 11 4.95
57.5 0.8
0.8
155 5 2.25
65 0.9  0.6
107 6 2.7
65 0.9  0.6
76 6 2.7
65 0.9  0.6
167 8 3.6
50.9 0.8
0.8
126 9 4.05
50.9 0.8
0.8
89 9 4.05
50.9 0.8
0.8
127 16  7.2 61.8  0.6 0.6
123 18  8.1 61.8  0.6 0.6
106 18  8.1 61.8  0.6 0.6
122 12  5.4 50.5  0.6 0.7
97 13 5.85
50.5 0.6
0.7
64 13 5.85
50.5 0.6
0.7
112 10  4.5 76.5  0.9 0.6
77 11 4.95
76.5 0.9
0.6
53 12 5.4
76.5 0.9
0.6
88 18 8.1
69.6 0.6
0.8
62 18 8.1
69.6 0.6
0.8
52 19 8.55
69.6 0.6
0.8
167 6 2.7
54.2 0.8
0.6
120 7 3.15
54.2 0.8
0.6
50 8 3.6
54.2 0.8
0.6
192 10  4.5 62.6  0.7 0.6
164 11  4.95 62.6  0.7 0.6
59 11 4.95
62.6 0.7
0.6
159 13  5.85 53.6  0.6 0.5
140 13  5.85 53.6  0.6 0.5
139 14  6.3 53.6  0.6 0.5
124 2 0.9
55.6 0.7
0.6
86 3 1.35
55.6 0.7
0.6
80 4 1.8
55.6 0.7
0.6
91 3 1.35
53.1 0.6
0.7
81 4 1.8
53.1 0.6
0.7
53 6 2.7
53.1 0.6
0.7
172 1 0.45
57.6 0.9
0.7
121 1 0.45
57.6 0.9
0.7
54 3 1.35
57.6 0.9
0.7
162 17  7.65 52.1  0.7 0.8
160 19  8.55 52.1  0.7 0.8
64 19 8.55
52.1 0.7
0.8
127 15  6.75 58.4  0.9 0.5
110 15  6.75 58.4  0.9 0.5
70 16 7.2
58.4 0.9
0.5
189 10  4.5 75.1  0.8 0.8
181 10  4.5 75.1  0.8 0.8
144 12  5.4 75.1  0.8 0.8
193 2 0.9
54.7 0.6
0.8
171 4 1.8
54.7 0.6
0.8
160 4 1.8
54.7 0.6
0.8
158 17  7.65 65.6  0.6 0.9
88 18 8.1
65.6 0.6
0.9
70 19 8.55
65.6 0.6
0.9
164 17  7.65 59.8  0.8 0.8
147 18  8.1 59.8  0.8 0.8
54 18 8.1
59.8 0.8
0.8
76 8 3.6
70.3 0.6
0.8
75 8 3.6
70.3 0.6
0.8
65 9 4.05
70.3 0.6
0.8
137 18  8.1 68.4  0.8 0.5
64 19 8.55
68.4 0.8
0.5
56 19 8.55
68.4 0.8
0.5
162 12  5.4 58.4  0.8 0.9
114 13  5.85 58.4  0.8 0.9
56 14 6.3
58.4 0.8
0.9
188 11  4.95 78.9  0.8 0.6
112 11  4.95 78.9  0.8 0.6
71 11 4.95
78.9 0.8
0.6
161 17  7.65 53.3  0.6 0.9
160 17  7.65 53.3  0.6 0.9
106 18  8.1 53.3  0.6 0.9
116 3 1.35
71.7 0.7
0.7
107 3 1.35
71.7 0.7
0.7
95 3 1.35
71.7 0.7
0.7
150 14  6.3 56.9  0.6 0.7
124 14  6.3 56.9  0.6 0.7
67 15 6.75
56.9 0.6
0.7
189 17  7.65 66.2  0.9 0.7
131 19  8.55 66.2  0.9 0.7
57 21 9.45
66.2 0.9
0.7
139 2 0.9
63.7 0.5
0.7
116 2 0.9
63.7 0.5
0.7
113 3 1.35
63.7 0.5
0.7
194 1 0.45
57.5 0.7
0.6
176 2 0.9
57.5 0.7
0.6
59 2 0.9
57.5 0.7
0.6
168 5 2.25
59 0.9  0.5
146 5 2.25
59 0.9  0.5
119 6 2.7
59 0.9  0.5
178 3 1.35
60 0.8  0.9
140 5 2.25
60 0.8  0.9
83 6 2.7
60 0.8  0.9
189 18  8.1 53.3  0.8 0.7
76 20 9
53.3 0.8
0.7
57 21 9.45
53.3 0.8
0.7
91 14 6.3
64.6 0.7
0.8
76 14 6.3
64.6 0.7
0.8
70 15 6.75
64.6 0.7
0.8
143 11  4.95 78.1  0.5 0.7
130 11  4.95 78.1  0.5 0.7
72 12 5.4
78.1 0.5
0.7
154 1 0.45
78.1 0.7
0.8
130 1 0.45
78.1 0.7
0.8
78 3 1.35
78.1 0.7
0.8
170 11  4.95 56  0.8 0.8
154 12  5.4 56  0.8 0.8
117 13  5.85 56  0.8 0.8
194 11  4.95 63.6  0.8 0.9
169 11  4.95 63.6  0.8 0.9
93 11 4.95
63.6 0.8
0.9
103 9 4.05
52.4 0.5
0.6
88 10 4.5
52.4 0.5
0.6
83 12 5.4
52.4 0.5
0.6
186 13  5.85 58  0.9 0.7
157 13  5.85 58  0.9 0.7
56 15 6.75
58 0.9  0.7
147 10  4.5 57.6  0.8 0.6
141 10  4.5 57.6  0.8 0.6
109 11  4.95 57.6  0.8 0.6
180 5 2.25
68.4 0.7
0.5
167 5 2.25
68.4 0.7
0.5
149 6 2.7
68.4 0.7
0.5
154 2 0.9
72.5 0.8
0.5
117 2 0.9
72.5 0.8
0.5
58 2 0.9
72.5 0.8
0.5
154 17  7.65 63.9  0.9 0.7
141 17  7.65 63.9  0.9 0.7
138 19  8.55 63.9  0.9 0.7
105 5 2.25
56.5 0.8
0.8
68 5 2.25
56.5 0.8
0.8
61 6 2.7
56.5 0.8
0.8
162 2 0.9
69.8 0.5
0.6
115 2 0.9
69.8 0.5
0.6
106 3 1.35
69.8 0.5
0.6
184 18  8.1 70.9  0.9 0.7
139 19  8.55 70.9  0.9 0.7
113 20  9 70.9  0.9 0.7
120 7 3.15
69.2 0.8
0.9
106 7 3.15
69.2 0.8
0.9
73 8 3.6
69.2 0.8
0.9
164 1 0.45
76.3 0.7
0.7
141 2 0.9
76.3 0.7
0.7
86 2 0.9
76.3 0.7
0.7
165 14  6.3 58.2  0.8 0.6
78 15 6.75
58.2 0.8
0.6
71 17 7.65
58.2 0.8
0.6
183 13  5.85 51.1  0.5 0.6
182 14  6.3 51.1  0.5 0.6
111 15  6.75 51.1  0.5 0.6
136 16  7.2 51.2  0.7 0.8
116 16  7.2 51.2  0.7 0.8
114 17  7.65 51.2  0.7 0.8
192 10  4.5 77.2  0.6 0.8
139 12  5.4 77.2  0.6 0.8
89 13 5.85
77.2 0.6
0.8
130 2 0.9
69.4 0.6
0.5
95 3 1.35
69.4 0.6
0.5
66 4 1.8
69.4 0.6
0.5
175 17  7.65 62  0.6 0.5
123 18  8.1 62  0.6 0.5
82 19 8.55
62 0.6  0.5
195 4 1.8
57.9 0.5
0.7
165 4 1.8
57.9 0.5
0.7
98 6 2.7
57.9 0.5
0.7
182 18  8.1 74.8  0.5 0.6
143 19  8.55 74.8  0.5 0.6
65 20 9
74.8 0.5
0.6
153 14  6.3 72.9  0.7 0.6
114 14  6.3 72.9  0.7 0.6
73 15 6.75
72.9 0.7
0.6
175 8 3.6
65.3 0.7
0.6
123 9 4.05
65.3 0.7
0.6
95 13 5.85
65.3 0.7
0.6
194 7 3.15
70.9 0.6
0.8
115 7 3.15
70.9 0.6
0.8
60 9 4.05
70.9 0.6
0.8
171 18  8.1 61.1  0.8 0.7
170 19  8.55 61.1  0.8 0.7
113 20  9 61.1  0.8 0.7
186 13  5.85 53.7  0.9 0.6
166 13  5.85 53.7  0.9 0.6
150 15  6.75 53.7  0.9 0.6
179 10  4.5 54.3  0.7 0.9
106 11  4.95 54.3  0.7 0.9
92 12 5.4
54.3 0.7
0.9
125 16  7.2 74.2  0.5 0.6
113 18  8.1 74.2  0.5 0.6
68 20 9
74.2 0.5
0.6
157 7 3.15
59.1 0.5
0.9
107 7 3.15
59.1 0.5
0.9
90 7 3.15
59.1 0.5
0.9
196 1 0.45
78.9 0.5
0.6
168 2 0.9
78.9 0.5
0.6
145 3 1.35
78.9 0.5
0.6
139 6 2.7
66.6 0.6
0.6
120 8 3.6
66.6 0.6
0.6
109 8 3.6
66.6 0.6
0.6
105 11  4.95 65.3  0.9 0.8
91 12 5.4
65.3 0.9
0.8
79 13 5.85
65.3 0.9
0.8
161 12  5.4 71.4  0.5 0.7
120 13  5.85 71.4  0.5 0.7
92 13 5.85
71.4 0.5
0.7
92 2 0.9
64.6 0.5
0.5
75 4 1.8
64.6 0.5
0.5
67 4 1.8
64.6 0.5
0.5
188 15  6.75 54.3  0.9 0.9
101 17  7.65 54.3  0.9 0.9
59 17 7.65
54.3 0.9
0.9
198 10  4.5 71.5  0.9 0.8
81 11 4.95
71.5 0.9
0.8
79 12 5.4
71.5 0.9
0.8
184 3 1.35
68.9 0.6
0.7
151 3 1.35
68.9 0.6
0.7
63 4 1.8
68.9 0.6
0.7
194 17  7.65 67.3  0.8 0.6
136 17  7.65 67.3  0.8 0.6
105 18  8.1 67.3  0.8 0.6
177 4 1.8
66.3 0.5
0.6
137 5 2.25
66.3 0.5
0.6
52 6 2.7
66.3 0.5
0.6
170 1 0.45
76.2 0.6
0.5
112 2 0.9
76.2 0.6
0.5
54 2 0.9
76.2 0.6
0.5
150 18  8.1 50.2  0.6 0.6
144 18  8.1 50.2  0.6 0.6
115 18  8.1 50.2  0.6 0.6
198 1 0.45
66.9 0.8
0.6
130 1 0.45
66.9 0.8
0.6
113 2 0.9
66.9 0.8
0.6
199 11  4.95 62.8  0.8 0.6
143 12  5.4 62.8  0.8 0.6
67 13 5.85
62.8 0.8
0.6
148 1 0.45
76.5 0.7
0.6
124 1 0.45
76.5 0.7
0.6
103 2 0.9
76.5 0.7
0.6
166 17  7.65 78.9  0.7 0.9
118 18  8.1 78.9  0.7 0.9
58 19 8.55
78.9 0.7
0.9
154 4 1.8
68.5 0.8
0.8
80 6 2.7
68.5 0.8
0.8
51 9 4.05
68.5 0.8
0.8
194 2 0.9
67.4 0.6
0.8
129 3 1.35
67.4 0.6
0.8
115 4 1.8
67.4 0.6
0.8
143 6 2.7
79.2 0.5
0.6
125 6 2.7
79.2 0.5
0.6
62 7 3.15
79.2 0.5
0.6
158 1 0.45
63.9 0.8
0.8
139 4 1.8
63.9 0.8
0.8
93 4 1.8
63.9 0.8
0.8
171 16  7.2 77.7  0.5 0.5
130 20  9 77.7  0.5 0.5
55 20 9
77.7 0.5
0.5
178 3 1.35
51.5 0.7
0.5
101 4 1.8
51.5 0.7
0.5
53 4 1.8
51.5 0.7
0.5
155 15  6.75 62.9  0.7 0.6
120 16  7.2 62.9  0.7 0.6
112 16  7.2 62.9  0.7 0.6
199 13  5.85 56.5  0.8 0.8
107 14  6.3 56.5  0.8 0.8
79 14 6.3
56.5 0.8
0.8
192 1 0.45
69.3 0.5
0.5
157 1 0.45
69.3 0.5
0.5
97 4 1.8
69.3 0.5
0.5
122 9 4.05
55.2 0.6
0.7
111 9 4.05
55.2 0.6
0.7
89 9 4.05
55.2 0.6
0.7
136 18  8.1 72  0.8 0.7
113 18  8.1 72  0.8 0.7
97 18 8.1
72 0.8  0.7
114 12  5.4 50.3  0.5 0.7
113 12  5.4 50.3  0.5 0.7
63 13 5.85
50.3 0.5
0.7
169 10  4.5 58.2  0.9 0.7
141 10  4.5 58.2  0.9 0.7
56 11 4.95
58.2 0.9
0.7
151 18  8.1 65.3  0.8 0.8
117 18  8.1 65.3  0.8 0.8
89 18 8.1
65.3 0.8
0.8
179 17  7.65 53.7  0.6 0.7
147 18  8.1 53.7  0.6 0.7
134 18  8.1 53.7  0.6 0.7
182 11  4.95 64.4  0.6 0.7
132 12  5.4 64.4  0.6 0.7
111 12  5.4 64.4  0.6 0.7
197 7 3.15
51.7 0.6
0.8
161 9 4.05
51.7 0.6
0.8
135 10  4.5 51.7  0.6 0.8
199 12  5.4 68.2  0.5 0.6
99 13 5.85
68.2 0.5
0.6
73 15 6.75
68.2 0.5
0.6
197 9 4.05
56.6 0.9
0.5
151 9 4.05
56.6 0.9
0.5
82 10 4.5
56.6 0.9
0.5
196 4 1.8
54.7 0.6
0.9
93 5 2.25
54.7 0.6
0.9
86 6 2.7
54.7 0.6
0.9
127 5 2.25
63.4 0.6
0.7
120 5 2.25
63.4 0.6
0.7
108 6 2.7
63.4 0.6
0.7
97 2 0.9
68.6 0.8
0.8
93 4 1.8
68.6 0.8
0.8
70 5 2.25
68.6 0.8
0.8
196 14  6.3 55.5  0.6 0.8
88 15 6.75
55.5 0.6
0.8
58 16 7.2
55.5 0.6
0.8
173 13  5.85 66.9  0.7 0.6
151 14  6.3 66.9  0.7 0.6
117 16  7.2 66.9  0.7 0.6
190 5 2.25
62.4 0.8
0.6
141 5 2.25
62.4 0.8
0.6
79 6 2.7
62.4 0.8
0.6
195 19  8.55 64.1  0.8 0.5
186 21  9.45 64.1  0.8 0.5
105 21  9.45 64.1  0.8 0.5
189 15  6.75 66  0.8 0.5
165 15  6.75 66  0.8 0.5
59 15 6.75
66 0.8  0.5
117 10  4.5 58.8  0.7 0.9
114 11  4.95 58.8  0.7 0.9
54 11 4.95
58.8 0.7
0.9
132 16  7.2 54.6  0.8 0.8
74 16 7.2
54.6 0.8
0.8
53 18 8.1
54.6 0.8
0.8
175 10  4.5 77  0.8 0.8
103 11  4.95 77  0.8 0.8
61 11 4.95
77 0.8  0.8
188 3 1.35
79.2 0.8
0.7
170 3 1.35
79.2 0.8
0.7
62 4 1.8
79.2 0.8
0.7
109 17  7.65 74  0.8 0.6
79 18 8.1
74 0.8  0.6
76 19 8.55
74 0.8  0.6
168 15  6.75 62.7  0.9 0.6
116 16  7.2 62.7  0.9 0.6
64 18 8.1
62.7 0.9
0.6
187 7 3.15
77.6 0.8
0.5
140 8 3.6
77.6 0.8
0.5
94 9 4.05
77.6 0.8
0.5
176 16  7.2 67.6  0.9 0.5
129 17  7.65 67.6  0.9 0.5
71 18 8.1
67.6 0.9
0.5
154 12  5.4 67.7  0.6 0.8
102 14  6.3 67.7  0.6 0.8
86 14 6.3
67.7 0.6
0.8
154 10  4.5 66.2  0.6 0.8
128 12  5.4 66.2  0.6 0.8
78 12 5.4
66.2 0.6
0.8
173 18  8.1 65.8  0.8 0.8
170 18  8.1 65.8  0.8 0.8
101 19  8.55 65.8  0.8 0.8
163 4 1.8
75.5 0.7
0.5
128 6 2.7
75.5 0.7
0.5
87 8 3.6
75.5 0.7
0.5
164 1 0.45
51.2 0.6
0.8
141 2 0.9
51.2 0.6
0.8
62 3 1.35
51.2 0.6
0.8
110 18  8.1 77.2  0.5 0.8
96 19 8.55
77.2 0.5
0.8
93 19 8.55
77.2 0.5
0.8
112 17  7.65 51.4  0.9 0.7
88 18 8.1
51.4 0.9
0.7
60 20 9
51.4 0.9
0.7
173 5 2.25
51.2 0.6
0.8
154 5 2.25
51.2 0.6
0.8
140 6 2.7
51.2 0.6
0.8
188 1 0.45
73.7 0.6
0.6
179 2 0.9
73.7 0.6
0.6
164 3 1.35
73.7 0.6
0.6
142 18  8.1 75.6  0.7 0.7
128 19  8.55 75.6  0.7 0.7
100 20  9 75.6  0.7 0.7
150 7 3.15
72.2 0.9
0.5
148 7 3.15
72.2 0.9
0.5
81 7 3.15
72.2 0.9
0.5
170 2 0.9
73.6 0.5
0.8
153 2 0.9
73.6 0.5
0.8
148 3 1.35
73.6 0.5
0.8
