6?DFJSP06
10 15 3
Operations vector:
15 15 15
15 15  15 15 15
15 15
Available machine quantity vector:
4 2 5
2 3  5 3 5
2 2  2 5 3
3 3  5 5 3
5 2  2 3 2
3 3  3 2 2
4 5  2 2 2
2 5  3 2 3
5 4  5 3 5
3 3  3 5 5
5 2  2 3 2
3 3  4 2 5
2 3  3 2 3
2 3  5 3 3
4 2  5 2 5
5 2  3 5 2
3 5  2 2 5
5 4  2 3 2
3 3  3 3 3
5 2  2 5 3
5 3  2 4 2
2 5  5 3 3
2 3  5 3 3
2 4  5 2 2
5 2  4 3 3
5 5  2 2 3
5 2  5 3 2
2 3  2 4 3
3 3  2 2 3
5 5  5 3 5
2 2
Available machine vector:
2 6 7
9 1  9 1 2
7 9  10 1 8
3 5  7 1 2
3 8  10 1 5
6 1  2 4 5
9 1  10 5 7
4 7  1 2 3
4 5  4 8 10
3 7  9 1 5
9 1  2 3 8
10 1  2 7 9
10 1  5 6 1
2 3  4 5 4
7 1  10 4 8
10 5  7 3 7
9 3  5 7 1
5 9  1 9 1
8 2  6 7 9
1 2  4 5 9
1 8  5 7 1
10 4  7 1 2
3 4  5 1 5
9 1  9 3 7
9 1  2 7 9
10 2  6 7 9
1 2  3 8 10
4 8  10 1 2
4 5  9 1 5
6 3  5 7 1
5 6  1 2 4
5 9  1 2 3
8 10  1 2 3
4 5  4 7 1
10 3  5 7 1
9 3  7 9 1
5 9  2 6 7
9 1  8 1 2
7 9  10 5 7
4 8  10 4 8
10 1  8 1 5
9 1  9 3 5
7 1  2 3 4
5 1  5 6 3
7 9  2 6 7
9 1  10 1 2
7 9  10 5 7
1 2  4 5 9
1 2  3 8 10
4 7  3 5 7
1 2  3 8 10
5 7  1 5 6
1 2  4 5 9
4 7  1 9 1
2 3  4 5 1
2 7  9 10 2
6 7  9 1 8
3 7  9 1 10
1 5  9 4 8
10 1  5 6 4
8 10  3 5 7
1 2  3 8 10
1 8  1 9 1
2 3  4 5 3
7 9  1 2 7
9 10  1 5 9
1 10  2 6 7
9 5  7 4 7
1 2  4 5 9
1 2  7 9 10
3 7  9 3 5
7 1  8 1 5
6 1  2 4 5
9 4  8 10 1
5 9  1 9 2
6 7  9 1 2
3 8  10 4 7
1 10  1 2 3
4 5  5 7 2
6 7  9 1 5
9 3  5 7 1
2 7  9 10 1
2 3  4 5 4
7 1  9 4 8
10 1  2 3 8
10 1  10 1 2
4 5  9 3 7
9 5  7 1 8
1 5  6 1 8
2 6  7 9 4
8 10  3 5 7
3 7  9 1 10
5 7  1 5 9
1 2  7 9 10
1 2  4 5 9
1 2  3 8 10
1 5  6 1 2
3 4  5 4 7
1 9
Data array:
186 8 3.6
70.1 0.6
0.7
143 9 4.05
70.1 0.6
0.7
109 9 4.05
70.1 0.6
0.7
192 1 0.45
64.8 0.7
0.8
183 3 1.35
64.8 0.7
0.8
169 3 1.35
64.8 0.7
0.8
117 2 0.9
54.4 0.5
0.8
80 2 0.9
54.4 0.5
0.8
76 2 0.9
54.4 0.5
0.8
167 5 2.25
66.4 0.8
0.5
128 5 2.25
66.4 0.8
0.5
95 6 2.7
66.4 0.8
0.5
106 1 0.45
68.1 0.7
0.9
76 3 1.35
68.1 0.7
0.9
68 4 1.8
68.1 0.7
0.9
192 6 2.7
51.3 0.6
0.5
145 7 3.15
51.3 0.6
0.5
111 8 3.6
51.3 0.6
0.5
137 2 0.9
64.8 0.8
0.7
95 3 1.35
64.8 0.8
0.7
71 5 2.25
64.8 0.8
0.7
195 7 3.15
59.3 0.6
0.7
143 7 3.15
59.3 0.6
0.7
101 8 3.6
59.3 0.6
0.7
146 3 1.35
53.8 0.8
0.8
112 3 1.35
53.8 0.8
0.8
100 4 1.8
53.8 0.8
0.8
148 1 0.45
65.7 0.7
0.6
137 2 0.9
65.7 0.7
0.6
59 2 0.9
65.7 0.7
0.6
200 4 1.8
58.9 0.7
0.6
93 4 1.8
58.9 0.7
0.6
93 5 2.25
58.9 0.7
0.6
165 2 0.9
50.2 0.6
0.7
123 2 0.9
50.2 0.6
0.7
74 2 0.9
50.2 0.6
0.7
178 1 0.45
66.5 0.7
0.5
165 1 0.45
66.5 0.7
0.5
93 1 0.45
66.5 0.7
0.5
161 8 3.6
69.5 0.8
0.7
132 9 4.05
69.5 0.8
0.7
131 10  4.5 69.5  0.8 0.7
192 8 3.6
51.2 0.9
0.8
109 9 4.05
51.2 0.9
0.8
87 10 4.5
51.2 0.9
0.8
92 4 1.8
54 0.7  0.5
70 4 1.8
54 0.7  0.5
61 4 1.8
54 0.7  0.5
198 3 1.35
79.1 0.8
0.6
185 4 1.8
79.1 0.8
0.6
130 4 1.8
79.1 0.8
0.6
121 4 1.8
74 0.8  0.7
92 7 3.15
74 0.8  0.7
53 7 3.15
74 0.8  0.7
140 7 3.15
71.2 0.6
0.9
123 8 3.6
71.2 0.6
0.9
117 8 3.6
71.2 0.6
0.9
148 7 3.15
60.7 0.8
0.7
112 8 3.6
60.7 0.8
0.7
106 8 3.6
60.7 0.8
0.7
174 8 3.6
54.4 0.8
0.8
149 9 4.05
54.4 0.8
0.8
92 10 4.5
54.4 0.8
0.8
165 1 0.45
70.2 0.6
0.6
64 1 0.45
70.2 0.6
0.6
54 2 0.9
70.2 0.6
0.6
168 6 2.7
64.9 0.7
0.7
157 7 3.15
64.9 0.7
0.7
75 9 4.05
64.9 0.7
0.7
177 1 0.45
78.2 0.6
0.6
159 3 1.35
78.2 0.6
0.6
112 4 1.8
78.2 0.6
0.6
186 9 4.05
74.9 0.7
0.8
125 9 4.05
74.9 0.7
0.8
123 11  4.95 74.9  0.7 0.8
192 5 2.25
65.1 0.6
0.5
163 5 2.25
65.1 0.6
0.5
133 6 2.7
65.1 0.6
0.5
156 4 1.8
73.3 0.6
0.5
152 6 2.7
73.3 0.6
0.5
91 8 3.6
73.3 0.6
0.5
168 5 2.25
51.2 0.8
0.9
110 6 2.7
51.2 0.8
0.9
96 7 3.15
51.2 0.8
0.9
161 1 0.45
54.2 0.8
0.8
145 1 0.45
54.2 0.8
0.8
52 1 0.45
54.2 0.8
0.8
123 2 0.9
63.8 0.9
0.5
113 3 1.35
63.8 0.9
0.5
107 4 1.8
63.8 0.9
0.5
126 6 2.7
74.7 0.6
0.7
94 7 3.15
74.7 0.6
0.7
69 7 3.15
74.7 0.6
0.7
140 4 1.8
57 0.7  0.7
115 6 2.7
57 0.7  0.7
84 8 3.6
57 0.7  0.7
166 9 4.05
69.4 0.7
0.6
155 9 4.05
69.4 0.7
0.6
65 10 4.5
69.4 0.7
0.6
187 8 3.6
79.3 0.9
0.6
186 8 3.6
79.3 0.9
0.6
107 10  4.5 79.3  0.9 0.6
162 1 0.45
78.3 0.8
0.8
157 1 0.45
78.3 0.8
0.8
157 2 0.9
78.3 0.8
0.8
178 7 3.15
51.4 0.7
0.9
167 9 4.05
51.4 0.7
0.9
115 9 4.05
51.4 0.7
0.9
115 1 0.45
60.9 0.6
0.8
109 1 0.45
60.9 0.6
0.8
70 3 1.35
60.9 0.6
0.8
101 6 2.7
72.3 0.6
0.7
65 7 3.15
72.3 0.6
0.7
62 9 4.05
72.3 0.6
0.7
158 2 0.9
72.1 0.9
0.7
79 2 0.9
72.1 0.9
0.7
57 3 1.35
72.1 0.9
0.7
158 6 2.7
67.2 0.9
0.9
156 8 3.6
67.2 0.9
0.9
73 9 4.05
67.2 0.9
0.9
190 4 1.8
60 0.8  0.6
112 5 2.25
60 0.8  0.6
71 7 3.15
60 0.8  0.6
130 8 3.6
72.6 0.8
0.7
83 10 4.5
72.6 0.8
0.7
67 10 4.5
72.6 0.8
0.7
158 2 0.9
70.1 0.7
0.6
84 3 1.35
70.1 0.7
0.6
83 4 1.8
70.1 0.7
0.6
151 7 3.15
57.2 0.7
0.8
115 7 3.15
57.2 0.7
0.8
94 8 3.6
57.2 0.7
0.8
96 5 2.25
75.7 0.7
0.6
95 5 2.25
75.7 0.7
0.6
54 5 2.25
75.7 0.7
0.6
193 3 1.35
65 0.9  0.7
111 3 1.35
65 0.9  0.7
72 3 1.35
65 0.9  0.7
187 1 0.45
70.4 0.8
0.9
160 1 0.45
70.4 0.8
0.9
145 1 0.45
70.4 0.8
0.9
143 7 3.15
62.2 0.7
0.5
126 8 3.6
62.2 0.7
0.5
88 9 4.05
62.2 0.7
0.5
132 3 1.35
62.6 0.7
0.8
101 4 1.8
62.6 0.7
0.8
80 5 2.25
62.6 0.7
0.8
129 1 0.45
58.3 0.6
0.6
128 2 0.9
58.3 0.6
0.6
60 4 1.8
58.3 0.6
0.6
157 5 2.25
68.9 0.8
0.9
150 6 2.7
68.9 0.8
0.9
82 7 3.15
68.9 0.8
0.9
130 6 2.7
71.4 0.6
0.8
120 8 3.6
71.4 0.6
0.8
79 8 3.6
71.4 0.6
0.8
155 6 2.7
64.5 0.7
0.9
122 9 4.05
64.5 0.7
0.9
57 10 4.5
64.5 0.7
0.9
191 8 3.6
69.5 0.9
0.8
132 9 4.05
69.5 0.9
0.8
57 10 4.5
69.5 0.9
0.8
168 2 0.9
68.7 0.9
0.5
100 3 1.35
68.7 0.9
0.5
62 5 2.25
68.7 0.9
0.5
145 6 2.7
57.9 0.6
0.5
86 8 3.6
57.9 0.6
0.5
69 9 4.05
57.9 0.6
0.5
165 3 1.35
73.7 0.6
0.7
126 4 1.8
73.7 0.6
0.7
91 5 2.25
73.7 0.6
0.7
167 2 0.9
59.9 0.8
0.5
147 2 0.9
59.9 0.8
0.5
108 3 1.35
59.9 0.8
0.5
148 3 1.35
69.1 0.5
0.5
143 4 1.8
69.1 0.5
0.5
84 5 2.25
69.1 0.5
0.5
147 1 0.45
61.6 0.7
0.8
123 1 0.45
61.6 0.7
0.8
107 2 0.9
61.6 0.7
0.8
166 5 2.25
74.3 0.7
0.7
130 6 2.7
74.3 0.7
0.7
98 7 3.15
74.3 0.7
0.7
79 1 0.45
74.8 0.7
0.7
68 3 1.35
74.8 0.7
0.7
66 3 1.35
74.8 0.7
0.7
169 7 3.15
53.1 0.7
0.9
141 7 3.15
53.1 0.7
0.9
75 10 4.5
53.1 0.7
0.9
69 2 0.9
72.2 0.6
0.7
58 2 0.9
72.2 0.6
0.7
55 3 1.35
72.2 0.6
0.7
186 7 3.15
74.7 0.7
0.8
162 10  4.5 74.7  0.7 0.8
111 11  4.95 74.7  0.7 0.8
159 1 0.45
64.1 0.7
0.7
159 2 0.9
64.1 0.7
0.7
100 4 1.8
64.1 0.7
0.7
147 7 3.15
69.8 0.7
0.5
106 8 3.6
69.8 0.7
0.5
67 9 4.05
69.8 0.7
0.5
113 8 3.6
62.9 0.7
0.7
84 8 3.6
62.9 0.7
0.7
64 8 3.6
62.9 0.7
0.7
195 2 0.9
61.2 0.8
0.6
151 3 1.35
61.2 0.8
0.6
91 3 1.35
61.2 0.8
0.6
190 2 0.9
76.1 0.9
0.6
162 2 0.9
76.1 0.9
0.6
125 3 1.35
76.1 0.9
0.6
185 4 1.8
54 0.5  0.9
153 6 2.7
54 0.5  0.9
62 7 3.15
54 0.5  0.9
140 4 1.8
74 0.7  0.5
104 5 2.25
74 0.7  0.5
90 6 2.7
74 0.7  0.5
178 9 4.05
72.2 0.7
0.5
152 9 4.05
72.2 0.7
0.5
129 11  4.95 72.2  0.7 0.5
187 1 0.45
54.8 0.7
0.9
116 3 1.35
54.8 0.7
0.9
81 3 1.35
54.8 0.7
0.9
185 6 2.7
71.8 0.8
0.7
162 6 2.7
71.8 0.8
0.7
127 7 3.15
71.8 0.8
0.7
170 8 3.6
76.3 0.6
0.6
107 8 3.6
76.3 0.6
0.6
77 9 4.05
76.3 0.6
0.6
160 7 3.15
73.4 0.6
0.6
96 7 3.15
73.4 0.6
0.6
70 8 3.6
73.4 0.6
0.6
175 4 1.8
54.5 0.8
0.6
144 6 2.7
54.5 0.8
0.6
90 6 2.7
54.5 0.8
0.6
196 2 0.9
69.3 0.7
0.8
165 3 1.35
69.3 0.7
0.8
55 4 1.8
69.3 0.7
0.8
150 7 3.15
53.7 0.7
0.9
132 8 3.6
53.7 0.7
0.9
84 9 4.05
53.7 0.7
0.9
148 8 3.6
78.9 0.8
0.8
91 9 4.05
78.9 0.8
0.8
57 10 4.5
78.9 0.8
0.8
191 4 1.8
74.7 0.9
0.6
156 5 2.25
74.7 0.9
0.6
87 6 2.7
74.7 0.9
0.6
106 1 0.45
67.3 0.6
0.9
82 1 0.45
67.3 0.6
0.9
66 2 0.9
67.3 0.6
0.9
110 6 2.7
69.8 0.5
0.6
87 8 3.6
69.8 0.5
0.6
86 8 3.6
69.8 0.5
0.6
163 3 1.35
54.5 0.6
0.8
97 4 1.8
54.5 0.6
0.8
85 5 2.25
54.5 0.6
0.8
145 1 0.45
61 0.7  0.7
104 2 0.9
61 0.7  0.7
89 3 1.35
61 0.7  0.7
194 6 2.7
74 0.6  0.6
155 7 3.15
74 0.6  0.6
87 7 3.15
74 0.6  0.6
143 1 0.45
58.1 0.5
0.6
103 2 0.9
58.1 0.5
0.6
77 4 1.8
58.1 0.5
0.6
187 2 0.9
73.9 0.9
0.9
64 2 0.9
73.9 0.9
0.9
56 3 1.35
73.9 0.9
0.9
152 8 3.6
50.1 0.7
0.9
130 9 4.05
50.1 0.7
0.9
90 9 4.05
50.1 0.7
0.9
159 3 1.35
70.1 0.5
0.8
138 3 1.35
70.1 0.5
0.8
57 4 1.8
70.1 0.5
0.8
168 2 0.9
60.6 0.6
0.7
160 3 1.35
60.6 0.6
0.7
124 3 1.35
60.6 0.6
0.7
136 6 2.7
79.1 0.9
0.8
107 6 2.7
79.1 0.9
0.8
78 6 2.7
79.1 0.9
0.8
154 7 3.15
52.6 0.8
0.8
148 10  4.5 52.6  0.8 0.8
136 11  4.95 52.6  0.8 0.8
165 4 1.8
61 0.7  0.7
115 5 2.25
61 0.7  0.7
77 5 2.25
61 0.7  0.7
156 5 2.25
71.5 0.8
0.7
144 6 2.7
71.5 0.8
0.7
82 7 3.15
71.5 0.8
0.7
159 6 2.7
52.4 0.9
0.7
142 7 3.15
52.4 0.9
0.7
59 7 3.15
52.4 0.9
0.7
168 1 0.45
79.1 0.7
0.9
145 1 0.45
79.1 0.7
0.9
77 1 0.45
79.1 0.7
0.9
144 1 0.45
78.1 0.6
0.8
130 2 0.9
78.1 0.6
0.8
62 2 0.9
78.1 0.6
0.8
196 2 0.9
51.9 0.6
0.7
137 2 0.9
51.9 0.6
0.7
110 3 1.35
51.9 0.6
0.7
194 5 2.25
50.8 0.5
0.7
187 6 2.7
50.8 0.5
0.7
80 7 3.15
50.8 0.5
0.7
102 8 3.6
62.4 0.7
0.7
93 10 4.5
62.4 0.7
0.7
65 10 4.5
62.4 0.7
0.7
149 3 1.35
60.4 0.8
0.9
110 3 1.35
60.4 0.8
0.9
81 3 1.35
60.4 0.8
0.9
184 5 2.25
78.3 0.6
0.5
179 5 2.25
78.3 0.6
0.5
107 7 3.15
78.3 0.6
0.5
166 7 3.15
55.9 0.9
0.5
148 8 3.6
55.9 0.9
0.5
87 8 3.6
55.9 0.9
0.5
196 1 0.45
60.8 0.6
0.7
151 2 0.9
60.8 0.6
0.7
128 3 1.35
60.8 0.6
0.7
170 7 3.15
73.9 0.6
0.7
160 8 3.6
73.9 0.6
0.7
145 10  4.5 73.9  0.6 0.7
139 1 0.45
73.2 0.6
0.6
96 1 0.45
73.2 0.6
0.6
84 3 1.35
73.2 0.6
0.6
147 8 3.6
77 0.8  0.5
110 8 3.6
77 0.8  0.5
55 9 4.05
77 0.8  0.5
144 2 0.9
61 0.6  0.7
124 2 0.9
61 0.6  0.7
84 4 1.8
61 0.6  0.7
169 7 3.15
71.5 0.8
0.5
104 9 4.05
71.5 0.8
0.5
90 9 4.05
71.5 0.8
0.5
172 1 0.45
52.8 0.6
0.8
109 1 0.45
52.8 0.6
0.8
64 3 1.35
52.8 0.6
0.8
191 7 3.15
71.2 0.9
0.5
68 8 3.6
71.2 0.9
0.5
56 8 3.6
71.2 0.9
0.5
179 3 1.35
74.7 0.8
0.6
134 5 2.25
74.7 0.8
0.6
99 5 2.25
74.7 0.8
0.6
127 1 0.45
56.8 0.6
0.8
119 2 0.9
56.8 0.6
0.8
115 3 1.35
56.8 0.6
0.8
182 7 3.15
68.8 0.8
0.6
176 8 3.6
68.8 0.8
0.6
121 8 3.6
68.8 0.8
0.6
143 6 2.7
60.7 0.6
0.7
118 7 3.15
60.7 0.6
0.7
111 9 4.05
60.7 0.6
0.7
190 5 2.25
56 0.7  0.6
136 6 2.7
56 0.7  0.6
130 7 3.15
56 0.7  0.6
173 2 0.9
53.6 0.6
0.6
115 3 1.35
53.6 0.6
0.6
107 4 1.8
53.6 0.6
0.6
160 3 1.35
73.6 0.8
0.7
147 5 2.25
73.6 0.8
0.7
57 5 2.25
73.6 0.8
0.7
184 7 3.15
78.1 0.9
0.8
181 7 3.15
78.1 0.9
0.8
61 8 3.6
78.1 0.9
0.8
120 3 1.35
78.2 0.5
0.8
93 4 1.8
78.2 0.5
0.8
56 6 2.7
78.2 0.5
0.8
177 1 0.45
77.1 0.6
0.8
129 1 0.45
77.1 0.6
0.8
89 2 0.9
77.1 0.6
0.8
189 3 1.35
59.5 0.7
0.6
176 4 1.8
59.5 0.7
0.6
156 5 2.25
59.5 0.7
0.6
189 8 3.6
79.1 0.6
0.7
142 9 4.05
79.1 0.6
0.7
105 11  4.95 79.1  0.6 0.7
76 1 0.45
56.9 0.9
0.6
64 2 0.9
56.9 0.9
0.6
56 3 1.35
56.9 0.9
0.6
195 1 0.45
72.4 0.7
0.8
126 2 0.9
72.4 0.7
0.8
51 4 1.8
72.4 0.7
0.8
171 4 1.8
55.3 0.7
0.6
169 5 2.25
55.3 0.7
0.6
137 5 2.25
55.3 0.7
0.6
183 2 0.9
74.4 0.7
0.7
111 2 0.9
74.4 0.7
0.7
71 2 0.9
74.4 0.7
0.7
138 5 2.25
52.9 0.7
0.5
108 6 2.7
52.9 0.7
0.5
72 6 2.7
52.9 0.7
0.5
145 7 3.15
79 0.8  0.6
85 8 3.6
79 0.8  0.6
78 8 3.6
79 0.8  0.6
114 7 3.15
58.7 0.5
0.7
101 8 3.6
58.7 0.5
0.7
75 8 3.6
58.7 0.5
0.7
117 8 3.6
78.1 0.8
0.8
91 8 3.6
78.1 0.8
0.8
53 9 4.05
78.1 0.8
0.8
118 4 1.8
78.1 0.7
0.7
75 4 1.8
78.1 0.7
0.7
75 5 2.25
78.1 0.7
0.7
187 8 3.6
59.7 0.7
0.9
89 9 4.05
59.7 0.7
0.9
83 10 4.5
59.7 0.7
0.9
197 2 0.9
65.1 0.6
0.8
185 2 0.9
65.1 0.6
0.8
109 3 1.35
65.1 0.6
0.8
158 9 4.05
52 0.6  0.8
114 9 4.05
52 0.6  0.8
91 10 4.5
52 0.6  0.8
198 4 1.8
52.3 0.5
0.7
196 6 2.7
52.3 0.5
0.7
128 7 3.15
52.3 0.5
0.7
164 6 2.7
73.1 0.7
0.8
130 7 3.15
73.1 0.7
0.8
57 7 3.15
73.1 0.7
0.8
95 6 2.7
64 0.9  0.9
90 6 2.7
64 0.9  0.9
56 7 3.15
64 0.9  0.9
124 1 0.45
55.7 0.6
0.6
94 2 0.9
55.7 0.6
0.6
66 2 0.9
55.7 0.6
0.6
119 1 0.45
79.8 0.9
0.5
116 2 0.9
79.8 0.9
0.5
108 3 1.35
79.8 0.9
0.5
93 5 2.25
56.2 0.7
0.7
90 5 2.25
56.2 0.7
0.7
87 7 3.15
56.2 0.7
0.7
170 2 0.9
54.2 0.8
0.8
116 3 1.35
54.2 0.8
0.8
95 3 1.35
54.2 0.8
0.8
173 7 3.15
74.2 0.8
0.6
169 8 3.6
74.2 0.8
0.6
135 8 3.6
74.2 0.8
0.6
89 7 3.15
74.7 0.7
0.8
58 7 3.15
74.7 0.7
0.8
55 8 3.6
74.7 0.7
0.8
173 4 1.8
61.3 0.6
0.8
145 5 2.25
61.3 0.6
0.8
89 6 2.7
61.3 0.6
0.8
186 1 0.45
67.7 0.7
0.6
81 2 0.9
67.7 0.7
0.6
64 2 0.9
67.7 0.7
0.6
175 5 2.25
62.3 0.9
0.7
64 6 2.7
62.3 0.9
0.7
59 6 2.7
62.3 0.9
0.7
184 2 0.9
64.3 0.9
0.6
98 3 1.35
64.3 0.9
0.6
91 3 1.35
64.3 0.9
0.6
149 8 3.6
54.9 0.6
0.8
137 8 3.6
54.9 0.6
0.8
60 9 4.05
54.9 0.6
0.8
198 6 2.7
54.2 0.8
0.8
80 6 2.7
54.2 0.8
0.8
52 7 3.15
54.2 0.8
0.8
174 4 1.8
51.1 0.6
0.6
170 7 3.15
51.1 0.6
0.6
58 7 3.15
51.1 0.6
0.6
149 7 3.15
77.2 0.5
0.5
120 7 3.15
77.2 0.5
0.5
102 8 3.6
77.2 0.5
0.5
119 1 0.45
66.8 0.7
0.6
101 2 0.9
66.8 0.7
0.6
80 2 0.9
66.8 0.7
0.6
137 1 0.45
69.2 0.8
0.9
120 3 1.35
69.2 0.8
0.9
119 3 1.35
69.2 0.8
0.9
182 5 2.25
58.8 0.7
0.7
163 6 2.7
58.8 0.7
0.7
131 7 3.15
58.8 0.7
0.7
196 8 3.6
56.6 0.8
0.6
111 9 4.05
56.6 0.8
0.6
108 9 4.05
56.6 0.8
0.6
145 8 3.6
57.1 0.5
0.7
140 9 4.05
57.1 0.5
0.7
84 9 4.05
57.1 0.5
0.7
145 8 3.6
74.8 0.9
0.8
109 9 4.05
74.8 0.9
0.8
107 10  4.5 74.8  0.9 0.8
169 7 3.15
54.6 0.7
0.8
106 8 3.6
54.6 0.7
0.8
77 9 4.05
54.6 0.7
0.8
197 1 0.45
59.4 0.7
0.8
66 1 0.45
59.4 0.7
0.8
57 2 0.9
59.4 0.7
0.8
174 6 2.7
51.7 0.8
0.9
91 7 3.15
51.7 0.8
0.9
76 8 3.6
51.7 0.8
0.9
174 2 0.9
74.4 0.9
0.7
150 2 0.9
74.4 0.9
0.7
145 3 1.35
74.4 0.9
0.7
173 7 3.15
70.7 0.8
0.8
95 8 3.6
70.7 0.8
0.8
66 8 3.6
70.7 0.8
0.8
168 8 3.6
71.5 0.8
0.8
144 9 4.05
71.5 0.8
0.8
85 10 4.5
71.5 0.8
0.8
155 1 0.45
59.6 0.6
0.8
150 2 0.9
59.6 0.6
0.8
142 2 0.9
59.6 0.6
0.8
131 1 0.45
53.3 0.8
0.8
109 2 0.9
53.3 0.8
0.8
57 4 1.8
53.3 0.8
0.8
180 6 2.7
53.8 0.8
0.7
135 6 2.7
53.8 0.8
0.7
75 7 3.15
53.8 0.8
0.7
156 8 3.6
63.2 0.7
0.8
141 10  4.5 63.2  0.7 0.8
119 10  4.5 63.2  0.7 0.8
167 6 2.7
58.9 0.8
0.8
122 8 3.6
58.9 0.8
0.8
105 9 4.05
58.9 0.8
0.8
118 4 1.8
77.7 0.7
0.7
77 4 1.8
77.7 0.7
0.7
60 5 2.25
77.7 0.7
0.7
188 2 0.9
59.9 0.9
0.5
137 2 0.9
59.9 0.9
0.5
100 4 1.8
59.9 0.9
0.5
193 6 2.7
71.1 0.9
0.7
120 7 3.15
71.1 0.9
0.7
88 8 3.6
71.1 0.9
0.7
138 6 2.7
62.5 0.6
0.9
118 6 2.7
62.5 0.6
0.9
96 8 3.6
62.5 0.6
0.9
179 4 1.8
78.8 0.7
0.7
106 4 1.8
78.8 0.7
0.7
50 6 2.7
78.8 0.7
0.7
182 2 0.9
79 0.9  0.7
86 2 0.9
79 0.9  0.7
51 3 1.35
79 0.9  0.7
173 1 0.45
60.5 0.6
0.8
170 1 0.45
60.5 0.6
0.8
167 1 0.45
60.5 0.6
0.8
200 6 2.7
53.7 0.7
0.8
167 8 3.6
53.7 0.7
0.8
71 8 3.6
53.7 0.7
0.8
188 4 1.8
58.9 0.8
0.6
123 4 1.8
58.9 0.8
0.6
104 5 2.25
58.9 0.8
0.6
112 6 2.7
76.9 0.9
0.9
105 6 2.7
76.9 0.9
0.9
54 6 2.7
76.9 0.9
0.9
157 3 1.35
70.3 0.7
0.8
98 4 1.8
70.3 0.7
0.8
97 6 2.7
70.3 0.7
0.8
176 2 0.9
51.3 0.6
0.9
112 2 0.9
51.3 0.6
0.9
61 3 1.35
51.3 0.6
0.9
195 4 1.8
64 0.5  0.8
127 4 1.8
64 0.5  0.8
96 5 2.25
64 0.5  0.8
147 1 0.45
50.9 0.8
0.8
113 1 0.45
50.9 0.8
0.8
76 1 0.45
50.9 0.8
0.8
165 1 0.45
67.3 0.8
0.8
112 2 0.9
67.3 0.8
0.8
59 2 0.9
67.3 0.8
0.8
154 3 1.35
64.9 0.8
0.6
144 4 1.8
64.9 0.8
0.6
142 6 2.7
64.9 0.8
0.6
194 6 2.7
75.7 0.8
0.6
142 7 3.15
75.7 0.8
0.6
56 8 3.6
75.7 0.8
0.6
157 1 0.45
76.3 0.8
0.7
142 5 2.25
76.3 0.8
0.7
134 5 2.25
76.3 0.8
0.7
181 1 0.45
67.6 0.6
0.6
78 1 0.45
67.6 0.6
0.6
75 2 0.9
67.6 0.6
0.6
141 2 0.9
70.3 0.8
0.6
111 4 1.8
70.3 0.8
0.6
56 4 1.8
70.3 0.8
0.6
156 6 2.7
79.4 0.6
0.7
135 7 3.15
79.4 0.6
0.7
94 8 3.6
79.4 0.6
0.7
181 8 3.6
61.8 0.8
0.9
159 9 4.05
61.8 0.8
0.9
158 10  4.5 61.8  0.8 0.9
187 4 1.8
72 0.5  0.6
162 5 2.25
72 0.5  0.6
145 5 2.25
72 0.5  0.6
170 8 3.6
57.6 0.6
0.9
146 9 4.05
57.6 0.6
0.9
59 9 4.05
57.6 0.6
0.9
135 1 0.45
61 0.8  0.6
80 1 0.45
61 0.8  0.6
75 3 1.35
61 0.8  0.6
98 4 1.8
63.7 0.6
0.7
63 4 1.8
63.7 0.6
0.7
62 5 2.25
63.7 0.6
0.7
192 8 3.6
63.6 0.8
0.7
175 9 4.05
63.6 0.8
0.7
143 10  4.5 63.6  0.8 0.7
195 1 0.45
62.6 0.9
0.6
106 3 1.35
62.6 0.9
0.6
69 3 1.35
62.6 0.9
0.6
161 2 0.9
56.6 0.8
0.7
116 2 0.9
56.6 0.8
0.7
113 3 1.35
56.6 0.8
0.7
180 3 1.35
56.3 0.9
0.5
130 3 1.35
56.3 0.9
0.5
93 4 1.8
56.3 0.9
0.5
192 1 0.45
63.3 0.5
0.8
190 2 0.9
63.3 0.5
0.8
70 2 0.9
63.3 0.5
0.8
197 7 3.15
50.8 0.7
0.6
127 10  4.5 50.8  0.7 0.6
66 10 4.5
50.8 0.7
0.6
194 3 1.35
74.6 0.7
0.6
174 4 1.8
74.6 0.7
0.6
122 4 1.8
74.6 0.7
0.6
175 2 0.9
57.4 0.7
0.9
108 2 0.9
57.4 0.7
0.9
104 3 1.35
57.4 0.7
0.9
177 7 3.15
60.2 0.8
0.9
96 7 3.15
60.2 0.8
0.9
96 8 3.6
60.2 0.8
0.9
195 7 3.15
66.1 0.5
0.8
132 8 3.6
66.1 0.5
0.8
74 8 3.6
66.1 0.5
0.8
169 8 3.6
62.6 0.8
0.7
58 8 3.6
62.6 0.8
0.7
58 9 4.05
62.6 0.8
0.7
183 4 1.8
52.5 0.5
0.6
120 4 1.8
52.5 0.5
0.6
64 5 2.25
52.5 0.5
0.6
155 7 3.15
65.4 0.9
0.5
103 8 3.6
65.4 0.9
0.5
77 8 3.6
65.4 0.9
0.5
119 1 0.45
71.2 0.6
0.9
78 2 0.9
71.2 0.6
0.9
64 2 0.9
71.2 0.6
0.9
136 7 3.15
79.2 0.8
0.5
73 8 3.6
79.2 0.8
0.5
62 8 3.6
79.2 0.8
0.5
143 1 0.45
59.3 0.5
0.7
82 3 1.35
59.3 0.5
0.7
53 4 1.8
59.3 0.5
0.7
199 7 3.15
62.1 0.6
0.9
87 7 3.15
62.1 0.6
0.9
85 8 3.6
62.1 0.6
0.9
192 1 0.45
58.3 0.9
0.8
184 2 0.9
58.3 0.9
0.8
177 2 0.9
58.3 0.9
0.8
192 4 1.8
54.2 0.9
0.7
171 7 3.15
54.2 0.9
0.7
53 7 3.15
54.2 0.9
0.7
160 1 0.45
72.1 0.9
0.8
62 1 0.45
72.1 0.9
0.8
54 2 0.9
72.1 0.9
0.8
167 5 2.25
54 0.9  0.6
134 6 2.7
54 0.9  0.6
71 7 3.15
54 0.9  0.6
161 4 1.8
77.5 0.5
0.5
141 5 2.25
77.5 0.5
0.5
54 5 2.25
77.5 0.5
0.5
188 3 1.35
57.3 0.9
0.8
115 4 1.8
57.3 0.9
0.8
76 4 1.8
57.3 0.9
0.8
184 8 3.6
78 0.9  0.6
169 8 3.6
78 0.9  0.6
151 10  4.5 78  0.9 0.6
178 4 1.8
76.1 0.7
0.6
95 4 1.8
76.1 0.7
0.6
90 5 2.25
76.1 0.7
0.6
158 1 0.45
52.2 0.5
0.5
98 2 0.9
52.2 0.5
0.5
59 2 0.9
52.2 0.5
0.5
191 4 1.8
57.8 0.5
0.6
114 5 2.25
57.8 0.5
0.6
73 6 2.7
57.8 0.5
0.6
177 1 0.45
75.3 0.5
0.6
75 2 0.9
75.3 0.5
0.6
67 2 0.9
75.3 0.5
0.6
157 5 2.25
67.1 0.9
0.7
93 6 2.7
67.1 0.9
0.7
85 7 3.15
67.1 0.9
0.7
197 3 1.35
56.7 0.7
0.8
90 4 1.8
56.7 0.7
0.8
73 5 2.25
56.7 0.7
0.8
177 8 3.6
56.2 0.7
0.7
98 8 3.6
56.2 0.7
0.7
52 8 3.6
56.2 0.7
0.7
123 3 1.35
52.3 0.7
0.8
86 4 1.8
52.3 0.7
0.8
85 4 1.8
52.3 0.7
0.8
134 1 0.45
63.4 0.6
0.9
82 1 0.45
63.4 0.6
0.9
79 1 0.45
63.4 0.6
0.9
124 3 1.35
74.7 0.6
0.7
117 3 1.35
74.7 0.6
0.7
92 5 2.25
74.7 0.6
0.7
153 4 1.8
79.1 0.8
0.8
108 5 2.25
79.1 0.8
0.8
59 6 2.7
79.1 0.8
0.8
153 9 4.05
59.1 0.7
0.7
149 9 4.05
59.1 0.7
0.7
71 9 4.05
59.1 0.7
0.7
189 8 3.6
58.2 0.8
0.8
184 9 4.05
58.2 0.8
0.8
180 10  4.5 58.2  0.8 0.8
193 3 1.35
57.2 0.7
0.7
178 5 2.25
57.2 0.7
0.7
73 6 2.7
57.2 0.7
0.7
188 6 2.7
57.8 0.7
0.6
115 6 2.7
57.8 0.7
0.6
54 9 4.05
57.8 0.7
0.6
198 7 3.15
50.7 0.8
0.8
132 7 3.15
50.7 0.8
0.8
81 8 3.6
50.7 0.8
0.8
199 1 0.45
57.7 0.8
0.6
171 1 0.45
57.7 0.8
0.6
131 3 1.35
57.7 0.8
0.6
187 3 1.35
57.2 0.6
0.7
182 3 1.35
57.2 0.6
0.7
76 3 1.35
57.2 0.6
0.7
190 5 2.25
50.5 0.8
0.8
160 6 2.7
50.5 0.8
0.8
62 6 2.7
50.5 0.8
0.8
194 6 2.7
50.5 0.6
0.9
194 8 3.6
50.5 0.6
0.9
191 9 4.05
50.5 0.6
0.9
175 7 3.15
57.3 0.6
0.7
173 7 3.15
57.3 0.6
0.7
89 8 3.6
57.3 0.6
0.7
167 8 3.6
54 0.7  0.7
77 8 3.6
54 0.7  0.7
67 9 4.05
54 0.7  0.7
184 7 3.15
62.3 0.7
0.6
166 8 3.6
62.3 0.7
0.6
119 8 3.6
62.3 0.7
0.6
177 2 0.9
74.4 0.7
0.7
76 2 0.9
74.4 0.7
0.7
74 3 1.35
74.4 0.7
0.7
115 7 3.15
72.8 0.6
0.8
84 8 3.6
72.8 0.6
0.8
81 8 3.6
72.8 0.6
0.8
189 8 3.6
63.2 0.9
0.7
176 8 3.6
63.2 0.9
0.7
65 10 4.5
63.2 0.9
0.7
161 5 2.25
56.4 0.9
0.8
102 5 2.25
56.4 0.9
0.8
69 5 2.25
56.4 0.9
0.8
188 2 0.9
52.8 0.8
0.5
136 2 0.9
52.8 0.8
0.5
131 3 1.35
52.8 0.8
0.5
171 4 1.8
69.5 0.7
0.9
126 5 2.25
69.5 0.7
0.9
73 6 2.7
69.5 0.7
0.9
143 7 3.15
74.6 0.9
0.6
82 7 3.15
74.6 0.9
0.6
57 8 3.6
74.6 0.9
0.6
113 8 3.6
60.5 0.8
0.8
94 9 4.05
60.5 0.8
0.8
90 9 4.05
60.5 0.8
0.8
192 8 3.6
54.1 0.7
0.7
91 9 4.05
54.1 0.7
0.7
56 10 4.5
54.1 0.7
0.7
126 3 1.35
69.8 0.8
0.8
102 5 2.25
69.8 0.8
0.8
89 6 2.7
69.8 0.8
0.8
176 6 2.7
56.7 0.5
0.8
99 7 3.15
56.7 0.5
0.8
66 9 4.05
56.7 0.5
0.8
135 1 0.45
56.7 0.7
0.6
120 1 0.45
56.7 0.7
0.6
76 2 0.9
56.7 0.7
0.6
185 5 2.25
62.3 0.8
0.9
129 6 2.7
62.3 0.8
0.9
54 6 2.7
62.3 0.8
0.9
144 2 0.9
72.1 0.8
0.5
120 4 1.8
72.1 0.8
0.5
84 4 1.8
72.1 0.8
0.5
120 7 3.15
55.1 0.8
0.6
56 9 4.05
55.1 0.8
0.6
51 11 4.95
55.1 0.8
0.6
78 4 1.8
61.7 0.6
0.8
75 5 2.25
61.7 0.6
0.8
51 5 2.25
61.7 0.6
0.8
192 4 1.8
77.6 0.9
0.7
155 6 2.7
77.6 0.9
0.7
137 7 3.15
77.6 0.9
0.7
188 6 2.7
57.2 0.8
0.6
140 6 2.7
57.2 0.8
0.6
138 8 3.6
57.2 0.8
0.6
157 2 0.9
66.5 0.7
0.6
66 2 0.9
66.5 0.7
0.6
56 3 1.35
66.5 0.7
0.6
147 7 3.15
54.3 0.7
0.5
101 8 3.6
54.3 0.7
0.5
88 8 3.6
54.3 0.7
0.5
189 1 0.45
77.5 0.7
0.7
166 2 0.9
77.5 0.7
0.7
149 3 1.35
77.5 0.7
0.7
188 2 0.9
64 0.5  0.6
77 2 0.9
64 0.5  0.6
68 3 1.35
64 0.5  0.6
196 6 2.7
72.5 0.6
0.5
141 6 2.7
72.5 0.6
0.5
63 7 3.15
72.5 0.6
0.5
189 8 3.6
53.5 0.6
0.8
133 9 4.05
53.5 0.6
0.8
107 9 4.05
53.5 0.6
0.8
178 1 0.45
74.1 0.7
0.6
119 3 1.35
74.1 0.7
0.6
107 3 1.35
74.1 0.7
0.6
191 5 2.25
54.7 0.5
0.8
171 6 2.7
54.7 0.5
0.8
77 7 3.15
54.7 0.5
0.8
126 2 0.9
59.9 0.7
0.8
101 3 1.35
59.9 0.7
0.8
87 3 1.35
59.9 0.7
0.8
163 7 3.15
79.4 0.7
0.6
126 8 3.6
79.4 0.7
0.6
65 9 4.05
79.4 0.7
0.6
168 3 1.35
68.4 0.8
0.6
74 3 1.35
68.4 0.8
0.6
68 5 2.25
68.4 0.8
0.6
116 5 2.25
53.9 0.5
0.6
90 7 3.15
53.9 0.5
0.6
85 7 3.15
53.9 0.5
0.6
180 1 0.45
69.7 0.7
0.6
90 4 1.8
69.7 0.7
0.6
59 6 2.7
69.7 0.7
0.6
168 1 0.45
53 0.6  0.6
129 1 0.45
53 0.6  0.6
66 3 1.35
53 0.6  0.6
168 3 1.35
52.3 0.7
0.8
127 5 2.25
52.3 0.7
0.8
81 6 2.7
52.3 0.7
0.8
160 8 3.6
75.1 0.8
0.9
97 8 3.6
75.1 0.8
0.9
74 9 4.05
75.1 0.8
0.9
151 1 0.45
60.6 0.7
0.8
139 2 0.9
60.6 0.7
0.8
60 3 1.35
60.6 0.7
0.8
176 1 0.45
50.1 0.7
0.7
59 2 0.9
50.1 0.7
0.7
56 3 1.35
50.1 0.7
0.7
197 4 1.8
79.7 0.7
0.7
179 5 2.25
79.7 0.7
0.7
114 6 2.7
79.7 0.7
0.7
189 1 0.45
50.4 0.8
0.7
136 2 0.9
50.4 0.8
0.7
56 3 1.35
50.4 0.8
0.7
183 1 0.45
50.9 0.6
0.6
152 2 0.9
50.9 0.6
0.6
142 3 1.35
50.9 0.6
0.6
160 6 2.7
72.1 0.5
0.7
125 9 4.05
72.1 0.5
0.7
121 10  4.5 72.1  0.5 0.7
186 3 1.35
58.9 0.7
0.7
173 3 1.35
58.9 0.7
0.7
160 4 1.8
58.9 0.7
0.7
186 1 0.45
77.3 0.5
0.7
151 2 0.9
77.3 0.5
0.7
59 3 1.35
77.3 0.5
0.7
196 1 0.45
69.9 0.6
0.7
162 2 0.9
69.9 0.6
0.7
112 3 1.35
69.9 0.6
0.7
163 5 2.25
60.8 0.7
0.6
150 6 2.7
60.8 0.7
0.6
120 7 3.15
60.8 0.7
0.6
181 1 0.45
55.1 0.6
0.5
136 1 0.45
55.1 0.6
0.5
93 2 0.9
55.1 0.6
0.5
133 7 3.15
67.6 0.7
0.7
120 8 3.6
67.6 0.7
0.7
86 8 3.6
67.6 0.7
0.7
197 3 1.35
71.2 0.5
0.6
169 4 1.8
71.2 0.5
0.6
85 5 2.25
71.2 0.5
0.6
143 2 0.9
74.5 0.7
0.8
131 5 2.25
74.5 0.7
0.8
119 5 2.25
74.5 0.7
0.8
158 8 3.6
72.6 0.8
0.8
114 9 4.05
72.6 0.8
0.8
75 10 4.5
72.6 0.8
0.8
141 1 0.45
58.9 0.8
0.9
128 3 1.35
58.9 0.8
0.9
111 5 2.25
58.9 0.8
0.9
197 1 0.45
55.8 0.9
0.7
167 1 0.45
55.8 0.9
0.7
129 2 0.9
55.8 0.9
0.7
176 5 2.25
70.1 0.9
0.5
173 6 2.7
70.1 0.9
0.5
78 6 2.7
70.1 0.9
0.5
174 1 0.45
73 0.8  0.8
109 1 0.45
73 0.8  0.8
85 2 0.9
73 0.8  0.8
183 5 2.25
63.9 0.8
0.7
125 5 2.25
63.9 0.8
0.7
54 7 3.15
63.9 0.8
0.7
181 8 3.6
57.8 0.6
0.8
164 8 3.6
57.8 0.6
0.8
122 9 4.05
57.8 0.6
0.8
196 2 0.9
66.1 0.5
0.6
141 3 1.35
66.1 0.5
0.6
100 3 1.35
66.1 0.5
0.6
191 8 3.6
63.8 0.9
0.9
161 8 3.6
63.8 0.9
0.9
134 8 3.6
63.8 0.9
0.9
133 8 3.6
75 0.6  0.9
125 8 3.6
75 0.6  0.9
64 9 4.05
75 0.6  0.9
125 4 1.8
72.8 0.6
0.8
68 5 2.25
72.8 0.6
0.8
60 5 2.25
72.8 0.6
0.8
172 2 0.9
77.4 0.8
0.6
110 2 0.9
77.4 0.8
0.6
86 5 2.25
77.4 0.8
0.6
173 4 1.8
67.8 0.9
0.7
131 4 1.8
67.8 0.9
0.7
54 5 2.25
67.8 0.9
0.7
192 7 3.15
79.7 0.6
0.5
109 7 3.15
79.7 0.6
0.5
108 8 3.6
79.7 0.6
0.5
193 7 3.15
74 0.6  0.6
159 7 3.15
74 0.6  0.6
99 7 3.15
74 0.6  0.6
186 9 4.05
53.3 0.6
0.8
170 10  4.5 53.3  0.6 0.8
167 11  4.95 53.3  0.6 0.8
168 1 0.45
76.7 0.6
0.7
166 1 0.45
76.7 0.6
0.7
155 1 0.45
76.7 0.6
0.7
151 2 0.9
76 0.9  0.8
104 2 0.9
76 0.9  0.8
90 3 1.35
76 0.9  0.8
185 1 0.45
58.7 0.8
0.9
149 2 0.9
58.7 0.8
0.9
108 4 1.8
58.7 0.8
0.9
171 7 3.15
54.9 0.5
0.5
77 8 3.6
54.9 0.5
0.5
60 9 4.05
54.9 0.5
0.5
168 7 3.15
70.9 0.7
0.7
71 8 3.6
70.9 0.7
0.7
55 8 3.6
70.9 0.7
0.7
190 1 0.45
64.1 0.8
0.9
134 2 0.9
64.1 0.8
0.9
96 2 0.9
64.1 0.8
0.9
84 6 2.7
74.1 0.5
0.6
80 8 3.6
74.1 0.5
0.6
52 9 4.05
74.1 0.5
0.6
174 1 0.45
60.8 0.7
0.8
86 2 0.9
60.8 0.7
0.8
50 2 0.9
60.8 0.7
0.8
184 7 3.15
51.4 0.8
0.6
84 8 3.6
51.4 0.8
0.6
70 8 3.6
51.4 0.8
0.6
133 6 2.7
75 0.5  0.5
114 7 3.15
75 0.5  0.5
97 8 3.6
75 0.5  0.5
184 4 1.8
51 0.9  0.5
167 5 2.25
51 0.9  0.5
90 6 2.7
51 0.9  0.5
168 3 1.35
67.3 0.5
0.6
139 4 1.8
67.3 0.5
0.6
89 5 2.25
67.3 0.5
0.6
160 3 1.35
57.3 0.6
0.8
55 5 2.25
57.3 0.6
0.8
54 5 2.25
57.3 0.6
0.8
136 6 2.7
52.5 0.7
0.7
101 7 3.15
52.5 0.7
0.7
88 8 3.6
52.5 0.7
0.7
187 4 1.8
65.3 0.7
0.6
167 4 1.8
65.3 0.7
0.6
116 4 1.8
65.3 0.7
0.6
190 1 0.45
59 0.7  0.8
182 1 0.45
59 0.7  0.8
105 2 0.9
59 0.7  0.8
185 5 2.25
69.5 0.8
0.6
171 5 2.25
69.5 0.8
0.6
158 5 2.25
69.5 0.8
0.6
192 1 0.45
76.9 0.8
0.8
100 1 0.45
76.9 0.8
0.8
73 1 0.45
76.9 0.8
0.8
161 8 3.6
63.6 0.5
0.6
80 8 3.6
63.6 0.5
0.6
62 9 4.05
63.6 0.5
0.6
124 2 0.9
62.4 0.7
0.6
118 5 2.25
62.4 0.7
0.6
97 5 2.25
62.4 0.7
0.6
190 1 0.45
74.2 0.7
0.7
85 2 0.9
74.2 0.7
0.7
74 3 1.35
74.2 0.7
0.7
169 5 2.25
75.8 0.5
0.7
120 6 2.7
75.8 0.5
0.7
54 7 3.15
75.8 0.5
0.7
178 7 3.15
52.9 0.5
0.8
139 9 4.05
52.9 0.5
0.8
92 10 4.5
52.9 0.5
0.8
154 3 1.35
60.4 0.8
0.6
110 3 1.35
60.4 0.8
0.6
70 4 1.8
60.4 0.8
0.6
183 2 0.9
73 0.6  0.7
94 3 1.35
73 0.6  0.7
64 3 1.35
73 0.6  0.7
114 3 1.35
70 0.7  0.7
58 4 1.8
70 0.7  0.7
58 5 2.25
70 0.7  0.7
133 4 1.8
58.6 0.9
0.8
108 5 2.25
58.6 0.9
0.8
78 6 2.7
58.6 0.9
0.8
159 7 3.15
78.9 0.5
0.9
95 8 3.6
78.9 0.5
0.9
88 10 4.5
78.9 0.5
0.9
196 6 2.7
63.8 0.8
0.9
178 8 3.6
63.8 0.8
0.9
95 8 3.6
63.8 0.8
0.9
179 2 0.9
53.3 0.8
0.8
170 2 0.9
53.3 0.8
0.8
156 4 1.8
53.3 0.8
0.8
142 9 4.05
60.5 0.6
0.8
142 9 4.05
60.5 0.6
0.8
90 9 4.05
60.5 0.6
0.8
63 3 1.35
69.2 0.5
0.6
60 4 1.8
69.2 0.5
0.6
60 6 2.7
69.2 0.5
0.6
124 5 2.25
67.6 0.7
0.9
101 5 2.25
67.6 0.7
0.9
86 8 3.6
67.6 0.7
0.9
185 5 2.25
53.1 0.7
0.6
180 7 3.15
53.1 0.7
0.6
61 8 3.6
53.1 0.7
0.6
140 1 0.45
66.9 0.6
0.7
114 2 0.9
66.9 0.6
0.7
85 2 0.9
66.9 0.6
0.7
175 4 1.8
76.2 0.7
0.5
128 4 1.8
76.2 0.7
0.5
122 4 1.8
76.2 0.7
0.5
155 7 3.15
64.1 0.8
0.8
113 7 3.15
64.1 0.8
0.8
107 8 3.6
64.1 0.8
0.8
160 3 1.35
60.1 0.6
0.8
128 3 1.35
60.1 0.6
0.8
67 4 1.8
60.1 0.6
0.8
166 2 0.9
52.2 0.6
0.5
102 3 1.35
52.2 0.6
0.5
71 4 1.8
52.2 0.6
0.5
193 3 1.35
78.8 0.8
0.8
97 4 1.8
78.8 0.8
0.8
78 5 2.25
78.8 0.8
0.8
153 6 2.7
72.9 0.7
0.7
115 6 2.7
72.9 0.7
0.7
58 8 3.6
72.9 0.7
0.7
187 4 1.8
65.9 0.9
0.8
144 5 2.25
65.9 0.9
0.8
138 5 2.25
65.9 0.9
0.8
135 2 0.9
52.3 0.7
0.7
93 3 1.35
52.3 0.7
0.7
86 3 1.35
52.3 0.7
0.7
191 8 3.6
78.3 0.5
0.6
155 8 3.6
78.3 0.5
0.6
124 9 4.05
78.3 0.5
0.6
173 8 3.6
67.6 0.6
0.6
158 8 3.6
67.6 0.6
0.6
112 8 3.6
67.6 0.6
0.6
93 4 1.8
72.3 0.6
0.8
79 5 2.25
72.3 0.6
0.8
67 6 2.7
72.3 0.6
0.8
152 1 0.45
62.5 0.7
0.9
121 2 0.9
62.5 0.7
0.9
60 2 0.9
62.5 0.7
0.9
187 1 0.45
64.6 0.8
0.7
170 1 0.45
64.6 0.8
0.7
69 2 0.9
64.6 0.8
0.7
187 1 0.45
73.2 0.5
0.6
93 2 0.9
73.2 0.5
0.6
51 2 0.9
73.2 0.5
0.6
102 4 1.8
56.8 0.6
0.9
87 7 3.15
56.8 0.6
0.9
75 7 3.15
56.8 0.6
0.9
196 2 0.9
59.2 0.8
0.7
192 2 0.9
59.2 0.8
0.7
188 3 1.35
59.2 0.8
0.7
104 10  4.5 51.3  0.8 0.6
83 10 4.5
51.3 0.8
0.6
67 11 4.95
51.3 0.8
0.6
169 4 1.8
75.1 0.8
0.5
140 5 2.25
75.1 0.8
0.5
134 6 2.7
75.1 0.8
0.5
168 5 2.25
74.1 0.8
0.5
113 5 2.25
74.1 0.8
0.5
86 6 2.7
74.1 0.8
0.5
155 6 2.7
72.4 0.6
0.7
96 6 2.7
72.4 0.6
0.7
56 7 3.15
72.4 0.6
0.7
130 1 0.45
60.2 0.6
0.8
104 1 0.45
60.2 0.6
0.8
98 2 0.9
60.2 0.6
0.8
177 5 2.25
62.6 0.7
0.7
138 6 2.7
62.6 0.7
0.7
124 7 3.15
62.6 0.7
0.7
163 8 3.6
61.1 0.8
0.5
118 10  4.5 61.1  0.8 0.5
117 11  4.95 61.1  0.8 0.5
166 2 0.9
52.7 0.9
0.7
128 2 0.9
52.7 0.9
0.7
59 3 1.35
52.7 0.9
0.7
197 1 0.45
72.4 0.9
0.8
79 2 0.9
72.4 0.9
0.8
76 2 0.9
72.4 0.9
0.8
177 8 3.6
66.9 0.6
0.9
172 9 4.05
66.9 0.6
0.9
118 9 4.05
66.9 0.6
0.9
184 4 1.8
76.7 0.6
0.6
161 5 2.25
76.7 0.6
0.6
141 6 2.7
76.7 0.6
0.6
194 2 0.9
50.7 0.6
0.9
128 3 1.35
50.7 0.6
0.9
59 4 1.8
50.7 0.6
0.9
152 6 2.7
72.4 0.5
0.5
122 7 3.15
72.4 0.5
0.5
113 9 4.05
72.4 0.5
0.5
120 7 3.15
69 0.7  0.5
96 7 3.15
69 0.7  0.5
81 8 3.6
69 0.7  0.5
197 2 0.9
53.6 0.6
0.6
173 4 1.8
53.6 0.6
0.6
155 4 1.8
53.6 0.6
0.6
135 2 0.9
73.1 0.7
0.6
133 3 1.35
73.1 0.7
0.6
67 5 2.25
73.1 0.7
0.6
191 4 1.8
73.6 0.7
0.7
152 5 2.25
73.6 0.7
0.7
51 7 3.15
73.6 0.7
0.7
162 3 1.35
55.5 0.5
0.6
159 3 1.35
55.5 0.5
0.6
78 4 1.8
55.5 0.5
0.6
180 4 1.8
52.1 0.8
0.5
161 4 1.8
52.1 0.8
0.5
110 5 2.25
52.1 0.8
0.5
128 7 3.15
63.1 0.9
0.6
127 8 3.6
63.1 0.9
0.6
67 9 4.05
63.1 0.9
0.6
142 7 3.15
63.4 0.5
0.5
126 8 3.6
63.4 0.5
0.5
76 8 3.6
63.4 0.5
0.5
166 8 3.6
52.8 0.8
0.7
94 9 4.05
52.8 0.8
0.7
88 10 4.5
52.8 0.8
0.7
142 7 3.15
70 0.8  0.5
96 8 3.6
70 0.8  0.5
58 9 4.05
70 0.8  0.5
179 2 0.9
50.1 0.7
0.8
144 2 0.9
50.1 0.7
0.8
97 2 0.9
50.1 0.7
0.8
200 2 0.9
58 0.8  0.7
190 3 1.35
58 0.8  0.7
71 4 1.8
58 0.8  0.7
163 6 2.7
79.1 0.8
0.8
134 7 3.15
79.1 0.8
0.8
132 7 3.15
79.1 0.8
0.8
170 7 3.15
56.7 0.8
0.8
132 8 3.6
56.7 0.8
0.8
130 9 4.05
56.7 0.8
0.8
192 2 0.9
64.9 0.6
0.5
91 2 0.9
64.9 0.6
0.5
52 3 1.35
64.9 0.6
0.5
193 6 2.7
75.6 0.5
0.7
153 8 3.6
75.6 0.5
0.7
97 8 3.6
75.6 0.5
0.7
105 1 0.45
65 0.9  0.6
95 2 0.9
65 0.9  0.6
59 2 0.9
65 0.9  0.6
147 6 2.7
78.2 0.6
0.9
137 7 3.15
78.2 0.6
0.9
122 9 4.05
78.2 0.6
0.9
179 5 2.25
51 0.7  0.8
110 7 3.15
51 0.7  0.8
107 8 3.6
51 0.7  0.8
157 7 3.15
60.6 0.9
0.9
120 8 3.6
60.6 0.9
0.9
107 9 4.05
60.6 0.9
0.9
162 7 3.15
50.3 0.6
0.6
107 8 3.6
50.3 0.6
0.6
97 8 3.6
50.3 0.6
0.6
165 1 0.45
58.1 0.8
0.5
104 2 0.9
58.1 0.8
0.5
64 3 1.35
58.1 0.8
0.5
169 2 0.9
55.2 0.7
0.5
109 2 0.9
55.2 0.7
0.5
74 3 1.35
55.2 0.7
0.5
117 5 2.25
68.1 0.8
0.7
89 6 2.7
68.1 0.8
0.7
66 7 3.15
68.1 0.8
0.7
171 1 0.45
74.5 0.7
0.6
96 2 0.9
74.5 0.7
0.6
51 2 0.9
74.5 0.7
0.6
141 9 4.05
59.5 0.8
0.8
107 9 4.05
59.5 0.8
0.8
87 9 4.05
59.5 0.8
0.8
183 4 1.8
67.3 0.7
0.9
125 5 2.25
67.3 0.7
0.9
71 5 2.25
67.3 0.7
0.9
128 8 3.6
77.7 0.7
0.6
61 8 3.6
77.7 0.7
0.6
60 9 4.05
77.7 0.7
0.6
180 7 3.15
76.6 0.9
0.7
68 8 3.6
76.6 0.9
0.7
67 10 4.5
76.6 0.9
0.7
163 3 1.35
75.3 0.5
0.9
87 5 2.25
75.3 0.5
0.9
64 5 2.25
75.3 0.5
0.9
183 3 1.35
67.8 0.5
0.6
128 4 1.8
67.8 0.5
0.6
85 5 2.25
67.8 0.5
0.6
193 6 2.7
67.2 0.6
0.8
173 6 2.7
67.2 0.6
0.8
51 7 3.15
67.2 0.6
0.8
157 4 1.8
74.6 0.8
0.8
144 4 1.8
74.6 0.8
0.8
93 4 1.8
74.6 0.8
0.8
181 1 0.45
60.7 0.8
0.6
147 1 0.45
60.7 0.8
0.6
56 1 0.45
60.7 0.8
0.6
134 5 2.25
50.2 0.8
0.8
116 5 2.25
50.2 0.8
0.8
84 5 2.25
50.2 0.8
0.8
139 8 3.6
75.2 0.6
0.6
91 8 3.6
75.2 0.6
0.6
56 9 4.05
75.2 0.6
0.6
190 1 0.45
56.1 0.7
0.5
149 1 0.45
56.1 0.7
0.5
66 2 0.9
56.1 0.7
0.5
128 6 2.7
52.1 0.6
0.7
84 6 2.7
52.1 0.6
0.7
60 8 3.6
52.1 0.6
0.7
142 1 0.45
79.1 0.6
0.6
65 1 0.45
79.1 0.6
0.6
60 3 1.35
79.1 0.6
0.6
186 7 3.15
52.7 0.5
0.6
82 8 3.6
52.7 0.5
0.6
77 9 4.05
52.7 0.5
0.6
162 7 3.15
64.6 0.6
0.7
123 7 3.15
64.6 0.6
0.7
62 8 3.6
64.6 0.6
0.7
196 2 0.9
72.4 0.5
0.6
175 2 0.9
72.4 0.5
0.6
171 3 1.35
72.4 0.5
0.6
193 1 0.45
55.8 0.5
0.7
163 1 0.45
55.8 0.5
0.7
54 3 1.35
55.8 0.5
0.7
174 6 2.7
79.7 0.8
0.8
101 7 3.15
79.7 0.8
0.8
57 8 3.6
79.7 0.8
0.8
185 4 1.8
53.7 0.6
0.6
153 6 2.7
53.7 0.6
0.6
136 7 3.15
53.7 0.6
0.6
149 7 3.15
72 0.5  0.9
117 9 4.05
72 0.5  0.9
109 9 4.05
72 0.5  0.9
166 1 0.45
52.9 0.7
0.6
151 3 1.35
52.9 0.7
0.6
83 3 1.35
52.9 0.7
0.6
152 1 0.45
76.7 0.8
0.7
96 3 1.35
76.7 0.8
0.7
93 5 2.25
76.7 0.8
0.7
176 4 1.8
55.6 0.9
0.8
127 5 2.25
55.6 0.9
0.8
62 6 2.7
55.6 0.9
0.8
115 7 3.15
51.3 0.6
0.8
95 8 3.6
51.3 0.6
0.8
64 9 4.05
51.3 0.6
0.8
127 8 3.6
55.6 0.6
0.7
115 8 3.6
55.6 0.6
0.7
56 8 3.6
55.6 0.6
0.7
168 8 3.6
72.6 0.8
0.5
124 10  4.5 72.6  0.8 0.5
86 10 4.5
72.6 0.8
0.5
113 2 0.9
57.4 0.6
0.8
74 2 0.9
57.4 0.6
0.8
61 3 1.35
57.4 0.6
0.8
161 5 2.25
55.3 0.7
0.8
148 6 2.7
55.3 0.7
0.8
65 6 2.7
55.3 0.7
0.8
171 8 3.6
78.3 0.9
0.7
117 9 4.05
78.3 0.9
0.7
106 12  5.4 78.3  0.9 0.7
177 4 1.8
79.2 0.6
0.7
153 5 2.25
79.2 0.6
0.7
81 5 2.25
79.2 0.6
0.7
175 5 2.25
60 0.6  0.7
167 6 2.7
60 0.6  0.7
123 7 3.15
60 0.6  0.7
181 6 2.7
68 0.6  0.8
104 8 3.6
68 0.6  0.8
92 8 3.6
68 0.6  0.8
184 1 0.45
72.2 0.7
0.6
139 1 0.45
72.2 0.7
0.6
69 2 0.9
72.2 0.7
0.6
173 7 3.15
50.3 0.8
0.9
146 7 3.15
50.3 0.8
0.9
131 7 3.15
50.3 0.8
0.9
151 4 1.8
52.4 0.7
0.8
137 5 2.25
52.4 0.7
0.8
124 7 3.15
52.4 0.7
0.8
188 1 0.45
58.9 0.6
0.7
125 4 1.8
58.9 0.6
0.7
85 4 1.8
58.9 0.6
0.7
174 5 2.25
63.9 0.7
0.8
132 5 2.25
63.9 0.7
0.8
88 7 3.15
63.9 0.7
0.8
161 9 4.05
59.6 0.6
0.8
104 10  4.5 59.6  0.6 0.8
51 10 4.5
59.6 0.6
0.8
169 1 0.45
78.5 0.6
0.6
154 3 1.35
78.5 0.6
0.6
134 3 1.35
78.5 0.6
0.6
184 1 0.45
71.1 0.8
0.6
101 3 1.35
71.1 0.8
0.6
89 3 1.35
71.1 0.8
0.6
194 1 0.45
50.1 0.8
0.7
188 1 0.45
50.1 0.8
0.7
97 2 0.9
50.1 0.8
0.7
187 5 2.25
58.3 0.6
0.7
160 6 2.7
58.3 0.6
0.7
105 6 2.7
58.3 0.6
0.7
133 1 0.45
57.2 0.5
0.5
94 1 0.45
57.2 0.5
0.5
63 3 1.35
57.2 0.5
0.5
90 1 0.45
52.8 0.7
0.6
66 2 0.9
52.8 0.7
0.6
52 2 0.9
52.8 0.7
0.6
176 1 0.45
73.1 0.6
0.7
103 2 0.9
73.1 0.6
0.7
86 2 0.9
73.1 0.6
0.7
90 8 3.6
57 0.8  0.9
83 9 4.05
57 0.8  0.9
60 9 4.05
57 0.8  0.9
188 3 1.35
72.1 0.6
0.8
125 3 1.35
72.1 0.6
0.8
74 4 1.8
72.1 0.6
0.8
191 1 0.45
52.1 0.7
0.8
107 2 0.9
52.1 0.7
0.8
57 3 1.35
52.1 0.7
0.8
200 4 1.8
63.4 0.9
0.7
148 5 2.25
63.4 0.9
0.7
143 5 2.25
63.4 0.9
0.7
128 4 1.8
50.2 0.5
0.7
120 5 2.25
50.2 0.5
0.7
85 7 3.15
50.2 0.5
0.7
114 9 4.05
67.8 0.7
0.7
54 9 4.05
67.8 0.7
0.7
52 11 4.95
67.8 0.7
0.7
174 1 0.45
53.3 0.9
0.7
166 3 1.35
53.3 0.9
0.7
147 5 2.25
53.3 0.9
0.7
192 8 3.6
55.5 0.8
0.8
125 9 4.05
55.5 0.8
0.8
98 10 4.5
55.5 0.8
0.8
76 6 2.7
70.1 0.5
0.6
75 8 3.6
70.1 0.5
0.6
62 10 4.5
70.1 0.5
0.6
160 5 2.25
71.6 0.7
0.8
114 6 2.7
71.6 0.7
0.8
103 6 2.7
71.6 0.7
0.8
192 6 2.7
60.1 0.7
0.9
166 7 3.15
60.1 0.7
0.9
100 7 3.15
60.1 0.7
0.9
140 4 1.8
59.1 0.8
0.6
86 5 2.25
59.1 0.8
0.6
85 7 3.15
59.1 0.8
0.6
138 1 0.45
56.2 0.6
0.6
121 2 0.9
56.2 0.6
0.6
82 3 1.35
56.2 0.6
0.6
175 1 0.45
50.1 0.7
0.7
124 2 0.9
50.1 0.7
0.7
58 3 1.35
50.1 0.7
0.7
180 5 2.25
76.2 0.7
0.8
168 6 2.7
76.2 0.7
0.8
98 6 2.7
76.2 0.7
0.8
118 5 2.25
77.5 0.8
0.7
84 6 2.7
77.5 0.8
0.7
54 7 3.15
77.5 0.8
0.7
176 8 3.6
72.4 0.8
0.6
100 9 4.05
72.4 0.8
0.6
64 10 4.5
72.4 0.8
0.6
186 1 0.45
59.5 0.7
0.9
172 1 0.45
59.5 0.7
0.9
156 3 1.35
59.5 0.7
0.9
197 7 3.15
53.7 0.5
0.6
98 9 4.05
53.7 0.5
0.6
62 9 4.05
53.7 0.5
0.6
148 3 1.35
60.2 0.6
0.5
64 4 1.8
60.2 0.6
0.5
55 7 3.15
60.2 0.6
0.5
124 3 1.35
75 0.5  0.7
113 3 1.35
75 0.5  0.7
85 4 1.8
75 0.5  0.7
153 6 2.7
68.4 0.6
0.5
149 6 2.7
68.4 0.6
0.5
144 7 3.15
68.4 0.6
0.5
185 4 1.8
66.1 0.8
0.8
170 4 1.8
66.1 0.8
0.8
54 5 2.25
66.1 0.8
0.8
182 1 0.45
62.3 0.7
0.5
149 1 0.45
62.3 0.7
0.5
113 2 0.9
62.3 0.7
0.5
179 3 1.35
70.3 0.6
0.8
146 4 1.8
70.3 0.6
0.8
113 4 1.8
70.3 0.6
0.8
192 7 3.15
79.3 0.8
0.6
175 8 3.6
79.3 0.8
0.6
152 9 4.05
79.3 0.8
0.6
198 5 2.25
67.2 0.6
0.6
151 6 2.7
67.2 0.6
0.6
125 6 2.7
67.2 0.6
0.6
168 4 1.8
64.9 0.6
0.7
145 5 2.25
64.9 0.6
0.7
130 6 2.7
64.9 0.6
0.7
176 5 2.25
54.3 0.6
0.8
133 7 3.15
54.3 0.6
0.8
95 7 3.15
54.3 0.6
0.8
187 1 0.45
68.7 0.7
0.9
85 1 0.45
68.7 0.7
0.9
65 2 0.9
68.7 0.7
0.9
144 3 1.35
64.1 0.7
0.8
115 3 1.35
64.1 0.7
0.8
51 4 1.8
64.1 0.7
0.8
171 2 0.9
55 0.8  0.8
128 4 1.8
55 0.8  0.8
104 7 3.15
55 0.8  0.8
142 8 3.6
71.7 0.5
0.6
142 8 3.6
71.7 0.5
0.6
85 9 4.05
71.7 0.5
0.6
113 8 3.6
51.3 0.5
0.8
107 9 4.05
51.3 0.5
0.8
53 10 4.5
51.3 0.5
0.8
98 8 3.6
64.2 0.5
0.7
83 9 4.05
64.2 0.5
0.7
81 10 4.5
64.2 0.5
0.7
115 1 0.45
70.2 0.8
0.9
67 1 0.45
70.2 0.8
0.9
65 3 1.35
70.2 0.8
0.9
178 5 2.25
51.9 0.6
0.6
112 5 2.25
51.9 0.6
0.6
56 6 2.7
51.9 0.6
0.6
122 1 0.45
52.8 0.8
0.6
60 2 0.9
52.8 0.8
0.6
59 3 1.35
52.8 0.8
0.6
172 8 3.6
70.3 0.8
0.9
129 8 3.6
70.3 0.8
0.9
50 9 4.05
70.3 0.8
0.9
179 1 0.45
50.6 0.7
0.8
71 2 0.9
50.6 0.7
0.8
52 3 1.35
50.6 0.7
0.8
118 7 3.15
76.6 0.6
0.7
83 7 3.15
76.6 0.6
0.7
51 8 3.6
76.6 0.6
0.7
191 1 0.45
78.1 0.7
0.8
159 3 1.35
78.1 0.7
0.8
142 3 1.35
78.1 0.7
0.8
136 8 3.6
68.6 0.8
0.7
97 8 3.6
68.6 0.8
0.7
93 9 4.05
68.6 0.8
0.7
169 8 3.6
77.6 0.6
0.9
60 8 3.6
77.6 0.6
0.9
59 9 4.05
77.6 0.6
0.9
117 2 0.9
58.6 0.7
0.8
86 3 1.35
58.6 0.7
0.8
55 3 1.35
58.6 0.7
0.8
129 1 0.45
69.2 0.8
0.9
121 2 0.9
69.2 0.8
0.9
89 3 1.35
69.2 0.8
0.9
178 5 2.25
71.1 0.6
0.7
162 8 3.6
71.1 0.6
0.7
124 8 3.6
71.1 0.6
0.7
