10?DFJSP10
20 15 3
Operations vector:
12 13 11
11 14  11 14 13
11 12  10 11 11
10 12  14 13 11
13 13
Available machine quantity vector:
2 2 1
4 2  4 3 5
5 2  3 4 2
4 2  2 2 4
4 5  3 4 4
2 2  4 2 2
2 4  2 5 4
4 2  2 4 5
1 1  2 2 4
2 2  3 4 2
2 4  2 4 2
4 1  4 3 4
2 4  5 3 2
4 2  4 4 2
1 3  4 1 1
2 2  2 4 3
3 4  4 1 4
4 4  2 4 2
4 3  5 3 4
3 4  4 2 4
4 2  3 4 2
4 3  4 5 4
2 2  2 1 2
3 5  4 4 4
2 2  4 4 5
4 4  2 1 2
3 2  4 4 2
1 2  4 4 3
3 1  4 4 2
3 2  4 4 3
4 2  2 5 4
3 2  4 2 2
4 1  2 4 3
2 4  1 3 4
4 4  3 2 2
2 2  4 2 1
2 4  1 4 3
3 4  2 2 2
5 2  4 5 3
2 2  4 4 4
2 2  4 2 5
4 4  4 2 2
2 5  2 3 1
4 2  2 3 2
2 1  4 3 2
2 3  4 4 4
3 4  2 4 1
4 4  2 4 4
2 2
Available machine vector:
2 6 6
7 2  3 4 8
9 1  7 1 4
7 9  2 4 8
1 2  3 9 10
2 3  4 5 10
9 10  2 4 7
1 5  6 10 6
7 2  5 8 10
2 6  1 2 3
7 4  5 7 10
1 3  5 13 1
2 3  9 10 2
4 8  3 4 8
9 1  3 5 10
9 10  2 5 1
3 5  13 1 2
1 7  2 6 1
5 6  10 9 10
1 2  3 9 10
3 4  8 9 2
5 8  10 3 7
2 9  4 5 7
10 1  2 3 9
10 5  2 9 10
6 7  1 3 5
10 6  10 2 9
2 4  8 3 4
8 9  6 7 9
10 2  5 7 10
6 10  1 3 5
10 1  7 1 3
5 13  2 2 5
8 10  1 2 9
1 5  6 10 1
2 4  5 7 10
1 2  3 9 10
1 2  9 1 7
3 4  8 9 2
9 2  5 7 10
1 5  6 10 6
7 2  2 4 7
1 3  5 13 5
2 6  7 1 2
9 10  3 4 8
9 1  2 9 2
4 7  2 5 8
10 1  5 6 10
5 4  6 7 10
1 3  5 13 1
3 5  10 1 7
3 4  8 9 6
10 2  5 7 10
2 4  8 2 3
4 5  10 1 2
9 1  3 5 13
2 4  7 4 6
7 10  1 5 6
10 2  6 1 3
5 10  2 5 8
10 6  7 2 4
7 3  4 8 9
9 10  2 5 8
10 2  4 8 4
6 7  10 2 3
4 5  10 1 4
7 9  2 6 1
2 9  10 5 2
9 1  2 9 2
3 4  5 10 1
5 6  10 2 5
8 10  1 3 5
10 2  6 3 7
4 5  7 10 3
4 8  9 2 3
4 5  10 2 5
7 10  4 6 7
10 9  10 5 1
2 2  4 8 2
9 3  4 8 9
1 3  5 10 6
10 5  9 10 1
4 7  9 1 3
5 13  2 4 8
2 4  7 2 1
5 6  10 2 5
8 10  1 7 2
4 7  2 9 1
4 7  9 2 5
7 10  1 2 9
1 3  5 10 2
6 6  7 1 2
3 9  10 3 4
8 9  2 4 8
2 5  3 4 8
9 1  7 2 6
1 3  5 13 5
9 10  1 3 5
10 2  4 8 3
7 3  4 8 9
5 1  2 9 4
6 7  10 2 5
8 10  1 4 7
9 2  4 7 6
10 9  10 3 7
2 6  1 3 5
13 6  7 5 2
9 1  4 7 9
2 1  3 5 13
2 4  8 1 2
9 4  5 7 10
2 6  9 10 2
5 1  2 3 9
10 6  10 4 6
7 10  2 3 4
5 10  2 4 8
6 7  6 10 2
5 8  10 3 4
8 9  1 3 5
13 2  6 1 7
1 3  5 10 2
9 1  2 3 9
10 4  6 7 10
1 5  6 10 2
5 8  10 6 10
2 9  2 5 2
3 4  5 10 2
6 1  2 9 2
4 5  7 10 2
9 2  6 2 4
8 1  7 3 7
5 1  3 5 10
1 2  9 6 10
1 2  2 4 7
1 3  5 13 2
5 7  10 1 3
5 10  1 2 9
1 3  5 13 2
9 2  5 8 10
5 2  5 7 10
3 4  8 9 6
7 1  4 7 9
4 6  7 10 3
7 1  7
Data array:
98 3 1.35
51 0.8  0.8
62 5 2.25
51 0.8  0.8
55 5 2.25
51 0.8  0.8
170 5 2.25
74.9 0.7
0.7
112 6 2.7
74.9 0.7
0.7
57 6 2.7
74.9 0.7
0.7
198 10  4.5 51.5  0.5 0.6
152 11  4.95 51.5  0.5 0.6
61 11 4.95
51.5 0.5
0.6
195 10  4.5 66.9  0.7 0.8
183 10  4.5 66.9  0.7 0.8
51 12 5.4
66.9 0.7
0.8
196 5 2.25
78.6 0.8
0.6
109 5 2.25
78.6 0.8
0.6
84 7 3.15
78.6 0.8
0.6
138 18  8.1 73.4  0.6 0.7
128 18  8.1 73.4  0.6 0.7
105 19  8.55 73.4  0.6 0.7
197 8 3.6
57.6 0.8
0.7
177 9 4.05
57.6 0.8
0.7
161 9 4.05
57.6 0.8
0.7
191 10  4.5 52.3  0.6 0.6
116 11  4.95 52.3  0.6 0.6
81 11 4.95
52.3 0.6
0.6
194 7 3.15
69.7 0.7
0.7
189 7 3.15
69.7 0.7
0.7
65 10 4.5
69.7 0.7
0.7
172 6 2.7
62.9 0.9
0.6
169 8 3.6
62.9 0.9
0.6
126 8 3.6
62.9 0.9
0.6
189 8 3.6
57.2 0.9
0.9
162 10  4.5 57.2  0.9 0.9
155 11  4.95 57.2  0.9 0.9
132 6 2.7
72.3 0.6
0.5
105 9 4.05
72.3 0.6
0.5
90 9 4.05
72.3 0.6
0.5
175 7 3.15
75.9 0.7
0.7
158 7 3.15
75.9 0.7
0.7
62 7 3.15
75.9 0.7
0.7
194 14  6.3 70.4  0.7 0.5
131 15  6.75 70.4  0.7 0.5
106 16  7.2 70.4  0.7 0.5
159 11  4.95 68.7  0.8 0.6
129 11  4.95 68.7  0.8 0.6
125 13  5.85 68.7  0.8 0.6
182 4 1.8
60.4 0.5
0.7
104 5 2.25
60.4 0.5
0.7
103 6 2.7
60.4 0.5
0.7
198 12  5.4 52.7  0.7 0.5
156 13  5.85 52.7  0.7 0.5
128 14  6.3 52.7  0.7 0.5
196 8 3.6
74.8 0.6
0.8
131 8 3.6
74.8 0.6
0.8
52 11 4.95
74.8 0.6
0.8
127 19  8.55 73.4  0.5 0.6
123 20  9 73.4  0.5 0.6
64 20 9
73.4 0.5
0.6
164 15  6.75 60.2  0.8 0.6
156 16  7.2 60.2  0.8 0.6
101 17  7.65 60.2  0.8 0.6
163 6 2.7
78.9 0.6
0.6
98 9 4.05
78.9 0.6
0.6
93 9 4.05
78.9 0.6
0.6
169 11  4.95 75.9  0.7 0.6
129 13  5.85 75.9  0.7 0.6
91 13 5.85
75.9 0.7
0.6
146 18  8.1 72.5  0.8 0.6
65 18 8.1
72.5 0.8
0.6
51 19 8.55
72.5 0.8
0.6
193 16  7.2 74.1  0.7 0.6
120 16  7.2 74.1  0.7 0.6
64 17 7.65
74.1 0.7
0.6
151 12  5.4 52  0.7 0.8
119 12  5.4 52  0.7 0.8
77 14 6.3
52 0.7  0.8
93 10 4.5
74.4 0.6
0.9
69 11 4.95
74.4 0.6
0.9
63 11 4.95
74.4 0.6
0.9
168 14  6.3 53.7  0.6 0.6
103 14  6.3 53.7  0.6 0.6
74 15 6.75
53.7 0.6
0.6
141 8 3.6
67.9 0.7
0.5
96 8 3.6
67.9 0.7
0.5
74 10 4.5
67.9 0.7
0.5
164 8 3.6
79.3 0.6
0.5
158 10  4.5 79.3  0.6 0.5
76 11 4.95
79.3 0.6
0.5
139 6 2.7
63.8 0.7
0.8
136 6 2.7
63.8 0.7
0.8
79 6 2.7
63.8 0.7
0.8
118 7 3.15
65.3 0.8
0.8
99 7 3.15
65.3 0.8
0.8
90 8 3.6
65.3 0.8
0.8
101 6 2.7
57.1 0.8
0.7
87 7 3.15
57.1 0.8
0.7
63 8 3.6
57.1 0.8
0.7
177 5 2.25
64 0.7  0.7
107 5 2.25
64 0.7  0.7
97 5 2.25
64 0.7  0.7
161 5 2.25
75.4 0.5
0.5
128 6 2.7
75.4 0.5
0.5
124 7 3.15
75.4 0.5
0.5
197 8 3.6
73.5 0.5
0.7
171 11  4.95 73.5  0.5 0.7
95 12 5.4
73.5 0.5
0.7
189 13  5.85 73.4  0.9 0.7
149 13  5.85 73.4  0.9 0.7
50 13 5.85
73.4 0.9
0.7
187 5 2.25
53.3 0.9
0.6
165 7 3.15
53.3 0.9
0.6
73 9 4.05
53.3 0.9
0.6
186 10  4.5 57.3  0.7 0.6
176 10  4.5 57.3  0.7 0.6
166 11  4.95 57.3  0.7 0.6
145 10  4.5 78.3  0.6 0.9
126 11  4.95 78.3  0.6 0.9
84 11 4.95
78.3 0.6
0.9
146 15  6.75 54.6  0.5 0.7
134 15  6.75 54.6  0.5 0.7
103 17  7.65 54.6  0.5 0.7
149 8 3.6
71 0.6  0.7
109 9 4.05
71 0.6  0.7
56 10 4.5
71 0.6  0.7
183 16  7.2 74.5  0.7 0.6
156 17  7.65 74.5  0.7 0.6
93 18 8.1
74.5 0.7
0.6
166 8 3.6
76.6 0.7
0.9
68 9 4.05
76.6 0.7
0.9
62 10 4.5
76.6 0.7
0.9
171 5 2.25
73.5 0.5
0.7
153 5 2.25
73.5 0.5
0.7
101 7 3.15
73.5 0.5
0.7
194 4 1.8
55.7 0.7
0.8
132 5 2.25
55.7 0.7
0.8
53 7 3.15
55.7 0.7
0.8
117 9 4.05
55.3 0.6
0.6
77 10 4.5
55.3 0.6
0.6
58 10 4.5
55.3 0.6
0.6
169 10  4.5 55.6  0.6 0.6
88 11 4.95
55.6 0.6
0.6
75 12 5.4
55.6 0.6
0.6
155 11  4.95 61  0.8 0.8
110 12  5.4 61  0.8 0.8
64 13 5.85
61 0.8  0.8
109 13  5.85 60.5  0.6 0.6
106 15  6.75 60.5  0.6 0.6
65 15 6.75
60.5 0.6
0.6
186 11  4.95 58.9  0.6 0.8
111 11  4.95 58.9  0.6 0.8
101 12  5.4 58.9  0.6 0.8
155 10  4.5 51.7  0.8 0.8
84 11 4.95
51.7 0.8
0.8
64 11 4.95
51.7 0.8
0.8
180 15  6.75 75.5  0.5 0.6
120 15  6.75 75.5  0.5 0.6
83 17 7.65
75.5 0.5
0.6
178 12  5.4 77.9  0.7 0.8
110 14  6.3 77.9  0.7 0.8
78 16 7.2
77.9 0.7
0.8
173 11  4.95 57.7  0.6 0.5
163 12  5.4 57.7  0.6 0.5
139 14  6.3 57.7  0.6 0.5
150 8 3.6
59.6 0.6
0.8
102 8 3.6
59.6 0.6
0.8
74 9 4.05
59.6 0.6
0.8
198 5 2.25
69.1 0.8
0.9
165 6 2.7
69.1 0.8
0.9
125 6 2.7
69.1 0.8
0.9
197 11  4.95 77.2  0.7 0.7
129 11  4.95 77.2  0.7 0.7
57 11 4.95
77.2 0.7
0.7
197 18  8.1 50.4  0.5 0.6
105 18  8.1 50.4  0.5 0.6
85 20 9
50.4 0.5
0.6
182 14  6.3 53.4  0.7 0.6
131 17  7.65 53.4  0.7 0.6
130 17  7.65 53.4  0.7 0.6
179 7 3.15
52.2 0.6
0.7
125 8 3.6
52.2 0.6
0.7
123 8 3.6
52.2 0.6
0.7
187 13  5.85 54.1  0.8 0.6
185 13  5.85 54.1  0.8 0.6
82 15 6.75
54.1 0.8
0.6
197 19  8.55 71.5  0.7 0.6
141 20  9 71.5  0.7 0.6
117 20  9 71.5  0.7 0.6
168 5 2.25
75.5 0.8
0.9
148 6 2.7
75.5 0.8
0.9
74 9 4.05
75.5 0.8
0.9
98 12 5.4
77.2 0.7
0.8
79 13 5.85
77.2 0.7
0.8
62 13 5.85
77.2 0.7
0.8
162 7 3.15
72 0.6  0.8
159 7 3.15
72 0.6  0.8
114 8 3.6
72 0.6  0.8
183 16  7.2 72.7  0.9 0.5
135 17  7.65 72.7  0.9 0.5
66 19 8.55
72.7 0.9
0.5
142 9 4.05
60.2 0.6
0.6
109 11  4.95 60.2  0.6 0.6
63 11 4.95
60.2 0.6
0.6
176 10  4.5 63.4  0.9 0.8
118 10  4.5 63.4  0.9 0.8
105 12  5.4 63.4  0.9 0.8
139 6 2.7
69.2 0.6
0.7
127 8 3.6
69.2 0.6
0.7
108 9 4.05
69.2 0.6
0.7
163 15  6.75 60.1  0.5 0.7
116 16  7.2 60.1  0.5 0.7
106 17  7.65 60.1  0.5 0.7
112 5 2.25
50.2 0.6
0.8
104 6 2.7
50.2 0.6
0.8
92 6 2.7
50.2 0.6
0.8
113 9 4.05
52.4 0.6
0.5
68 9 4.05
52.4 0.6
0.5
57 11 4.95
52.4 0.6
0.5
186 15  6.75 52.4  0.6 0.7
129 17  7.65 52.4  0.6 0.7
128 18  8.1 52.4  0.6 0.7
157 8 3.6
78.3 0.9
0.7
143 9 4.05
78.3 0.9
0.7
122 9 4.05
78.3 0.9
0.7
154 5 2.25
74.2 0.7
0.5
107 5 2.25
74.2 0.7
0.5
91 6 2.7
74.2 0.7
0.5
175 9 4.05
75 0.9  0.8
122 11  4.95 75  0.9 0.8
112 11  4.95 75  0.9 0.8
118 10  4.5 50.4  0.6 0.6
107 10  4.5 50.4  0.6 0.6
96 11 4.95
50.4 0.6
0.6
85 11 4.95
57.2 0.6
0.6
83 12 5.4
57.2 0.6
0.6
81 13 5.85
57.2 0.6
0.6
198 9 4.05
78.1 0.8
0.8
148 9 4.05
78.1 0.8
0.8
125 10  4.5 78.1  0.8 0.8
117 3 1.35
67.8 0.7
0.7
111 5 2.25
67.8 0.7
0.7
85 5 2.25
67.8 0.7
0.7
150 11  4.95 62.3  0.5 0.8
65 11 4.95
62.3 0.5
0.8
61 11 4.95
62.3 0.5
0.8
141 9 4.05
76.3 0.6
0.7
108 9 4.05
76.3 0.6
0.7
74 10 4.5
76.3 0.6
0.7
174 11  4.95 71.8  0.7 0.8
157 11  4.95 71.8  0.7 0.8
131 11  4.95 71.8  0.7 0.8
195 6 2.7
64.6 0.5
0.6
159 8 3.6
64.6 0.5
0.6
157 8 3.6
64.6 0.5
0.6
181 8 3.6
77.6 0.7
0.7
60 8 3.6
77.6 0.7
0.7
52 10 4.5
77.6 0.7
0.7
169 3 1.35
55.6 0.7
0.7
122 5 2.25
55.6 0.7
0.7
94 6 2.7
55.6 0.7
0.7
161 3 1.35
77.4 0.9
0.9
128 5 2.25
77.4 0.9
0.9
64 6 2.7
77.4 0.9
0.9
180 5 2.25
79.7 0.7
0.6
144 5 2.25
79.7 0.7
0.6
117 7 3.15
79.7 0.7
0.6
163 11  4.95 75.8  0.8 0.8
98 11 4.95
75.8 0.8
0.8
89 12 5.4
75.8 0.8
0.8
164 12  5.4 56.8  0.8 0.5
147 12  5.4 56.8  0.8 0.5
82 13 5.85
56.8 0.8
0.5
181 7 3.15
70.7 0.5
0.5
114 8 3.6
70.7 0.5
0.5
91 10 4.5
70.7 0.5
0.5
113 9 4.05
75.8 0.7
0.6
78 10 4.5
75.8 0.7
0.6
56 11 4.95
75.8 0.7
0.6
178 4 1.8
57.7 0.8
0.9
100 6 2.7
57.7 0.8
0.9
82 6 2.7
57.7 0.8
0.9
181 18  8.1 73.9  0.6 0.5
176 19  8.55 73.9  0.6 0.5
62 19 8.55
73.9 0.6
0.5
166 16  7.2 74.6  0.6 0.7
136 17  7.65 74.6  0.6 0.7
105 19  8.55 74.6  0.6 0.7
188 8 3.6
78.3 0.6
0.7
143 8 3.6
78.3 0.6
0.7
78 9 4.05
78.3 0.6
0.7
141 12  5.4 66.4  0.9 0.7
71 13 5.85
66.4 0.9
0.7
54 15 6.75
66.4 0.9
0.7
188 19  8.55 75.7  0.7 0.8
174 20  9 75.7  0.7 0.8
138 21  9.45 75.7  0.7 0.8
198 17  7.65 54.8  0.7 0.6
196 18  8.1 54.8  0.7 0.6
56 21 9.45
54.8 0.7
0.6
177 9 4.05
65.7 0.5
0.6
140 10  4.5 65.7  0.5 0.6
72 10 4.5
65.7 0.5
0.6
146 8 3.6
56.9 0.7
0.6
84 10 4.5
56.9 0.7
0.6
70 11 4.95
56.9 0.7
0.6
165 6 2.7
78.1 0.6
0.7
119 6 2.7
78.1 0.6
0.7
103 8 3.6
78.1 0.6
0.7
108 16  7.2 55.6  0.8 0.7
88 16 7.2
55.6 0.8
0.7
51 16 7.2
55.6 0.8
0.7
81 8 3.6
60 0.8  0.7
80 8 3.6
60 0.8  0.7
72 9 4.05
60 0.8  0.7
155 15  6.75 67.5  0.8 0.5
152 16  7.2 67.5  0.8 0.5
56 17 7.65
67.5 0.8
0.5
168 9 4.05
53.2 0.7
0.6
167 9 4.05
53.2 0.7
0.6
58 10 4.5
53.2 0.7
0.6
152 11  4.95 75.3  0.7 0.8
142 13  5.85 75.3  0.7 0.8
88 13 5.85
75.3 0.7
0.8
199 14  6.3 74.7  0.7 0.7
196 15  6.75 74.7  0.7 0.7
113 15  6.75 74.7  0.7 0.7
192 4 1.8
75.7 0.5
0.9
70 4 1.8
75.7 0.5
0.9
60 5 2.25
75.7 0.5
0.9
180 18  8.1 50.8  0.7 0.8
147 19  8.55 50.8  0.7 0.8
123 21  9.45 50.8  0.7 0.8
171 12  5.4 62.8  0.7 0.5
136 12  5.4 62.8  0.7 0.5
125 12  5.4 62.8  0.7 0.5
147 9 4.05
58 0.6  0.5
105 10  4.5 58  0.6 0.5
56 11 4.95
58 0.6  0.5
179 15  6.75 59.2  0.5 0.8
139 15  6.75 59.2  0.5 0.8
55 16 7.2
59.2 0.5
0.8
183 13  5.85 64  0.7 0.7
127 14  6.3 64  0.7 0.7
117 15  6.75 64  0.7 0.7
179 19  8.55 63  0.8 0.5
158 19  8.55 63  0.8 0.5
80 21 9.45
63 0.8  0.5
125 15  6.75 56.4  0.6 0.7
97 16 7.2
56.4 0.6
0.7
85 17 7.65
56.4 0.6
0.7
195 8 3.6
70 0.5  0.7
190 8 3.6
70 0.5  0.7
53 9 4.05
70 0.5  0.7
146 13  5.85 69.4  0.8 0.8
123 14  6.3 69.4  0.8 0.8
61 14 6.3
69.4 0.8
0.8
193 18  8.1 67.8  0.5 0.9
170 19  8.55 67.8  0.5 0.9
69 21 9.45
67.8 0.5
0.9
196 13  5.85 54.9  0.8 0.8
117 15  6.75 54.9  0.8 0.8
92 16 7.2
54.9 0.8
0.8
199 4 1.8
69.3 0.7
0.9
100 5 2.25
69.3 0.7
0.9
100 6 2.7
69.3 0.7
0.9
168 9 4.05
58.2 0.8
0.7
96 9 4.05
58.2 0.8
0.7
78 9 4.05
58.2 0.8
0.7
173 4 1.8
74.3 0.8
0.6
105 5 2.25
74.3 0.8
0.6
93 5 2.25
74.3 0.8
0.6
110 9 4.05
67.9 0.7
0.5
89 10 4.5
67.9 0.7
0.5
78 12 5.4
67.9 0.7
0.5
144 10  4.5 66.8  0.6 0.8
129 11  4.95 66.8  0.6 0.8
71 11 4.95
66.8 0.6
0.8
175 16  7.2 69.8  0.5 0.9
148 17  7.65 69.8  0.5 0.9
117 17  7.65 69.8  0.5 0.9
151 6 2.7
60.2 0.8
0.6
116 7 3.15
60.2 0.8
0.6
98 8 3.6
60.2 0.8
0.6
145 9 4.05
64.2 0.8
0.6
117 11  4.95 64.2  0.8 0.6
69 12 5.4
64.2 0.8
0.6
124 17  7.65 55  0.8 0.8
72 17 7.65
55 0.8  0.8
62 17 7.65
55 0.8  0.8
198 10  4.5 52  0.6 0.9
194 11  4.95 52  0.6 0.9
131 11  4.95 52  0.6 0.9
193 11  4.95 64.2  0.6 0.7
111 12  5.4 64.2  0.6 0.7
57 14 6.3
64.2 0.6
0.7
121 5 2.25
69.8 0.8
0.6
116 5 2.25
69.8 0.8
0.6
102 6 2.7
69.8 0.8
0.6
114 17  7.65 52.7  0.6 0.8
81 19 8.55
52.7 0.6
0.8
51 20 9
52.7 0.6
0.8
157 5 2.25
75.5 0.7
0.6
151 6 2.7
75.5 0.7
0.6
71 8 3.6
75.5 0.7
0.6
187 11  4.95 72.3  0.5 0.6
141 12  5.4 72.3  0.5 0.6
54 14 6.3
72.3 0.5
0.6
170 9 4.05
62.2 0.9
0.5
156 10  4.5 62.2  0.9 0.5
99 10 4.5
62.2 0.9
0.5
145 18  8.1 71.6  0.8 0.5
90 18 8.1
71.6 0.8
0.5
56 19 8.55
71.6 0.8
0.5
161 9 4.05
62.7 0.9
0.7
124 10  4.5 62.7  0.9 0.7
106 10  4.5 62.7  0.9 0.7
182 9 4.05
68 0.8  0.7
67 9 4.05
68 0.8  0.7
56 10 4.5
68 0.8  0.7
122 6 2.7
61.2 0.6
0.9
81 8 3.6
61.2 0.6
0.9
64 8 3.6
61.2 0.6
0.9
126 10  4.5 64.2  0.7 0.7
108 10  4.5 64.2  0.7 0.7
74 13 5.85
64.2 0.7
0.7
193 7 3.15
67.4 0.8
0.7
168 11  4.95 67.4  0.8 0.7
90 12 5.4
67.4 0.8
0.7
183 8 3.6
75.2 0.8
0.8
157 10  4.5 75.2  0.8 0.8
142 11  4.95 75.2  0.8 0.8
170 4 1.8
58.7 0.7
0.7
141 5 2.25
58.7 0.7
0.7
138 6 2.7
58.7 0.7
0.7
197 15  6.75 70  0.6 0.8
175 15  6.75 70  0.6 0.8
120 16  7.2 70  0.6 0.8
174 10  4.5 77.3  0.7 0.7
154 11  4.95 77.3  0.7 0.7
140 13  5.85 77.3  0.7 0.7
180 7 3.15
79.4 0.7
0.7
166 7 3.15
79.4 0.7
0.7
65 8 3.6
79.4 0.7
0.7
168 10  4.5 52.3  0.7 0.7
147 12  5.4 52.3  0.7 0.7
137 12  5.4 52.3  0.7 0.7
179 9 4.05
63.3 0.5
0.8
116 11  4.95 63.3  0.5 0.8
77 11 4.95
63.3 0.5
0.8
180 14  6.3 61  0.8 0.6
136 15  6.75 61  0.8 0.6
94 15 6.75
61 0.8  0.6
122 16  7.2 65.3  0.6 0.7
107 16  7.2 65.3  0.6 0.7
82 17 7.65
65.3 0.6
0.7
194 5 2.25
65.9 0.7
0.7
180 6 2.7
65.9 0.7
0.7
127 6 2.7
65.9 0.7
0.7
104 10  4.5 69.8  0.8 0.9
78 12 5.4
69.8 0.8
0.9
51 13 5.85
69.8 0.8
0.9
191 17  7.65 52.5  0.6 0.7
137 17  7.65 52.5  0.6 0.7
115 18  8.1 52.5  0.6 0.7
191 5 2.25
61.2 0.6
0.8
96 6 2.7
61.2 0.6
0.8
76 7 3.15
61.2 0.6
0.8
166 8 3.6
62.5 0.7
0.9
133 9 4.05
62.5 0.7
0.9
112 12  5.4 62.5  0.7 0.9
188 12  5.4 55  0.7 0.6
115 12  5.4 55  0.7 0.6
77 13 5.85
55 0.7  0.6
120 7 3.15
50.1 0.6
0.8
67 8 3.6
50.1 0.6
0.8
56 8 3.6
50.1 0.6
0.8
151 4 1.8
62.1 0.5
0.8
70 5 2.25
62.1 0.5
0.8
50 7 3.15
62.1 0.5
0.8
197 12  5.4 63.9  0.8 0.9
161 12  5.4 63.9  0.8 0.9
140 13  5.85 63.9  0.8 0.9
135 5 2.25
64.2 0.8
0.7
132 6 2.7
64.2 0.8
0.7
131 6 2.7
64.2 0.8
0.7
160 15  6.75 62.6  0.7 0.6
154 16  7.2 62.6  0.7 0.6
144 18  8.1 62.6  0.7 0.6
197 8 3.6
56 0.8  0.7
171 10  4.5 56  0.8 0.7
85 10 4.5
56 0.8  0.7
187 15  6.75 79.4  0.9 0.8
127 16  7.2 79.4  0.9 0.8
56 16 7.2
79.4 0.9
0.8
187 8 3.6
62.5 0.5
0.8
103 9 4.05
62.5 0.5
0.8
87 10 4.5
62.5 0.5
0.8
180 14  6.3 55.5  0.6 0.7
163 15  6.75 55.5  0.6 0.7
152 16  7.2 55.5  0.6 0.7
130 19  8.55 66.2  0.8 0.8
67 19 8.55
66.2 0.8
0.8
54 19 8.55
66.2 0.8
0.8
170 7 3.15
53.7 0.9
0.6
120 9 4.05
53.7 0.9
0.6
75 10 4.5
53.7 0.9
0.6
113 3 1.35
54.1 0.6
0.8
109 5 2.25
54.1 0.6
0.8
99 6 2.7
54.1 0.6
0.8
175 11  4.95 62.1  0.7 0.7
89 12 5.4
62.1 0.7
0.7
68 12 5.4
62.1 0.7
0.7
147 11  4.95 55.9  0.6 0.8
84 12 5.4
55.9 0.6
0.8
80 12 5.4
55.9 0.6
0.8
187 6 2.7
72.6 0.7
0.9
151 7 3.15
72.6 0.7
0.9
78 7 3.15
72.6 0.7
0.9
157 7 3.15
71.3 0.8
0.6
90 9 4.05
71.3 0.8
0.6
68 10 4.5
71.3 0.8
0.6
175 10  4.5 58.8  0.8 0.6
164 11  4.95 58.8  0.8 0.6
103 11  4.95 58.8  0.8 0.6
185 12  5.4 66.3  0.8 0.7
148 12  5.4 66.3  0.8 0.7
60 12 5.4
66.3 0.8
0.7
197 8 3.6
73.7 0.6
0.6
142 8 3.6
73.7 0.6
0.6
104 11  4.95 73.7  0.6 0.6
76 14 6.3
58.2 0.6
0.6
67 15 6.75
58.2 0.6
0.6
51 16 7.2
58.2 0.6
0.6
193 15  6.75 51.9  0.7 0.5
102 16  7.2 51.9  0.7 0.5
52 16 7.2
51.9 0.7
0.5
149 17  7.65 75.3  0.7 0.6
123 18  8.1 75.3  0.7 0.6
61 18 8.1
75.3 0.7
0.6
158 15  6.75 71.4  0.7 0.7
123 16  7.2 71.4  0.7 0.7
55 17 7.65
71.4 0.7
0.7
149 6 2.7
70.3 0.7
0.7
148 9 4.05
70.3 0.7
0.7
64 10 4.5
70.3 0.7
0.7
188 13  5.85 51.2  0.7 0.9
137 13  5.85 51.2  0.7 0.9
116 14  6.3 51.2  0.7 0.9
183 19  8.55 50.3  0.5 0.7
134 20  9 50.3  0.5 0.7
129 20  9 50.3  0.5 0.7
199 14  6.3 50.2  0.5 0.6
186 15  6.75 50.2  0.5 0.6
112 15  6.75 50.2  0.5 0.6
105 19  8.55 50.9  0.7 0.5
86 19 8.55
50.9 0.7
0.5
71 21 9.45
50.9 0.7
0.5
105 9 4.05
63.6 0.8
0.7
90 10 4.5
63.6 0.8
0.7
86 11 4.95
63.6 0.8
0.7
186 5 2.25
54.8 0.6
0.6
107 6 2.7
54.8 0.6
0.6
83 8 3.6
54.8 0.6
0.6
145 8 3.6
75.5 0.5
0.7
114 9 4.05
75.5 0.5
0.7
74 10 4.5
75.5 0.5
0.7
166 18  8.1 77.7  0.8 0.8
87 19 8.55
77.7 0.8
0.8
83 19 8.55
77.7 0.8
0.8
177 9 4.05
62.2 0.9
0.9
91 10 4.5
62.2 0.9
0.9
64 11 4.95
62.2 0.9
0.9
181 8 3.6
72.3 0.6
0.6
166 10  4.5 72.3  0.6 0.6
157 10  4.5 72.3  0.6 0.6
126 6 2.7
64.6 0.7
0.5
110 7 3.15
64.6 0.7
0.5
83 8 3.6
64.6 0.7
0.5
189 5 2.25
70 0.7  0.5
109 5 2.25
70 0.7  0.5
59 6 2.7
70 0.7  0.5
187 19  8.55 54.5  0.9 0.7
119 19  8.55 54.5  0.9 0.7
53 20 9
54.5 0.9
0.7
172 15  6.75 71.2  0.9 0.8
162 15  6.75 71.2  0.9 0.8
140 16  7.2 71.2  0.9 0.8
87 10 4.5
54.8 0.9
0.5
73 11 4.95
54.8 0.9
0.5
57 12 5.4
54.8 0.9
0.5
138 8 3.6
67.2 0.6
0.6
99 8 3.6
67.2 0.6
0.6
83 9 4.05
67.2 0.6
0.6
196 10  4.5 54.9  0.6 0.7
104 10  4.5 54.9  0.6 0.7
66 13 5.85
54.9 0.6
0.7
174 4 1.8
58.4 0.6
0.8
139 5 2.25
58.4 0.6
0.8
52 7 3.15
58.4 0.6
0.8
189 10  4.5 79.7  0.6 0.6
159 12  5.4 79.7  0.6 0.6
131 12  5.4 79.7  0.6 0.6
137 13  5.85 53.5  0.8 0.6
135 13  5.85 53.5  0.8 0.6
57 13 5.85
53.5 0.8
0.6
133 7 3.15
61.4 0.7
0.6
123 8 3.6
61.4 0.7
0.6
111 9 4.05
61.4 0.7
0.6
155 8 3.6
52.9 0.8
0.6
152 11  4.95 52.9  0.8 0.6
111 12  5.4 52.9  0.8 0.6
168 10  4.5 71.4  0.6 0.8
123 10  4.5 71.4  0.6 0.8
117 10  4.5 71.4  0.6 0.8
199 4 1.8
63.9 0.8
0.6
74 6 2.7
63.9 0.8
0.6
73 7 3.15
63.9 0.8
0.6
129 8 3.6
51.3 0.7
0.6
117 9 4.05
51.3 0.7
0.6
103 9 4.05
51.3 0.7
0.6
119 4 1.8
76.7 0.6
0.8
75 7 3.15
76.7 0.6
0.8
52 7 3.15
76.7 0.6
0.8
186 5 2.25
66.1 0.7
0.8
90 5 2.25
66.1 0.7
0.8
74 6 2.7
66.1 0.7
0.8
150 12  5.4 63  0.8 0.9
114 12  5.4 63  0.8 0.9
104 13  5.85 63  0.8 0.9
158 8 3.6
58.7 0.7
0.5
149 8 3.6
58.7 0.7
0.5
80 9 4.05
58.7 0.7
0.5
92 5 2.25
56.2 0.7
0.9
82 6 2.7
56.2 0.7
0.9
65 6 2.7
56.2 0.7
0.9
197 11  4.95 62.8  0.8 0.7
59 11 4.95
62.8 0.8
0.7
50 12 5.4
62.8 0.8
0.7
197 15  6.75 77.7  0.9 0.7
179 15  6.75 77.7  0.9 0.7
115 15  6.75 77.7  0.9 0.7
144 4 1.8
63.1 0.8
0.9
95 5 2.25
63.1 0.8
0.9
83 6 2.7
63.1 0.8
0.9
168 9 4.05
59.6 0.8
0.5
152 10  4.5 59.6  0.8 0.5
92 11 4.95
59.6 0.8
0.5
192 11  4.95 58.1  0.7 0.8
150 11  4.95 58.1  0.7 0.8
138 11  4.95 58.1  0.7 0.8
198 8 3.6
67.6 0.6
0.6
137 9 4.05
67.6 0.6
0.6
52 9 4.05
67.6 0.6
0.6
181 11  4.95 73.3  0.8 0.8
130 11  4.95 73.3  0.8 0.8
109 13  5.85 73.3  0.8 0.8
192 9 4.05
57.6 0.8
0.8
155 11  4.95 57.6  0.8 0.8
65 11 4.95
57.6 0.8
0.8
108 3 1.35
55.7 0.5
0.5
99 5 2.25
55.7 0.5
0.5
82 6 2.7
55.7 0.5
0.5
87 17 7.65
62.3 0.5
0.8
82 19 8.55
62.3 0.5
0.8
63 19 8.55
62.3 0.5
0.8
184 8 3.6
64.6 0.6
0.8
138 9 4.05
64.6 0.6
0.8
64 10 4.5
64.6 0.6
0.8
190 8 3.6
70.4 0.6
0.8
148 10  4.5 70.4  0.6 0.8
125 11  4.95 70.4  0.6 0.8
107 7 3.15
72.4 0.8
0.7
86 8 3.6
72.4 0.8
0.7
79 8 3.6
72.4 0.8
0.7
182 14  6.3 66.1  0.5 0.7
144 15  6.75 66.1  0.5 0.7
65 17 7.65
66.1 0.5
0.7
170 19  8.55 64.4  0.8 0.7
136 19  8.55 64.4  0.8 0.7
122 20  9 64.4  0.8 0.7
197 10  4.5 75.5  0.8 0.7
152 10  4.5 75.5  0.8 0.7
123 10  4.5 75.5  0.8 0.7
181 8 3.6
55.2 0.6
0.7
133 8 3.6
55.2 0.6
0.7
73 10 4.5
55.2 0.6
0.7
181 7 3.15
60 0.8  0.5
124 7 3.15
60 0.8  0.5
104 8 3.6
60 0.8  0.5
142 5 2.25
65.1 0.8
0.9
139 5 2.25
65.1 0.8
0.9
60 7 3.15
65.1 0.8
0.9
154 16  7.2 68.1  0.8 0.6
132 16  7.2 68.1  0.8 0.6
114 17  7.65 68.1  0.8 0.6
190 7 3.15
74.9 0.8
0.5
156 10  4.5 74.9  0.8 0.5
95 10 4.5
74.9 0.8
0.5
119 14  6.3 73  0.6 0.8
67 16 7.2
73 0.6  0.8
62 17 7.65
73 0.6  0.8
195 8 3.6
50.8 0.8
0.8
151 8 3.6
50.8 0.8
0.8
146 10  4.5 50.8  0.8 0.8
175 6 2.7
72.3 0.8
0.7
165 7 3.15
72.3 0.8
0.7
76 7 3.15
72.3 0.8
0.7
127 11  4.95 71.6  0.9 0.9
99 12 5.4
71.6 0.9
0.9
77 12 5.4
71.6 0.9
0.9
192 14  6.3 71.4  0.6 0.6
183 14  6.3 71.4  0.6 0.6
63 14 6.3
71.4 0.6
0.6
137 5 2.25
79.1 0.6
0.5
121 6 2.7
79.1 0.6
0.5
87 7 3.15
79.1 0.6
0.5
196 15  6.75 50.1  0.9 0.6
137 15  6.75 50.1  0.9 0.6
93 15 6.75
50.1 0.9
0.6
181 8 3.6
66.9 0.7
0.8
106 8 3.6
66.9 0.7
0.8
69 9 4.05
66.9 0.7
0.8
183 17  7.65 63.6  0.9 0.5
129 18  8.1 63.6  0.9 0.5
112 18  8.1 63.6  0.9 0.5
153 12  5.4 72.2  0.7 0.6
151 12  5.4 72.2  0.7 0.6
60 14 6.3
72.2 0.7
0.6
194 18  8.1 65.2  0.6 0.7
69 18 8.1
65.2 0.6
0.7
51 20 9
65.2 0.6
0.7
197 11  4.95 52.7  0.7 0.6
144 11  4.95 52.7  0.7 0.6
120 12  5.4 52.7  0.7 0.6
196 7 3.15
73.3 0.5
0.8
148 8 3.6
73.3 0.5
0.8
124 8 3.6
73.3 0.5
0.8
169 3 1.35
54.2 0.6
0.8
130 5 2.25
54.2 0.6
0.8
129 6 2.7
54.2 0.6
0.8
157 9 4.05
68 0.5  0.6
149 10  4.5 68  0.5 0.6
76 11 4.95
68 0.5  0.6
134 15  6.75 57.1  0.9 0.5
63 17 7.65
57.1 0.9
0.5
50 17 7.65
57.1 0.9
0.5
165 5 2.25
80 0.6  0.7
136 6 2.7
80 0.6  0.7
112 7 3.15
80 0.6  0.7
166 11  4.95 67  0.6 0.7
146 12  5.4 67  0.6 0.7
84 13 5.85
67 0.6  0.7
176 17  7.65 67.9  0.5 0.8
159 18  8.1 67.9  0.5 0.8
94 18 8.1
67.9 0.5
0.8
126 7 3.15
65.2 0.6
0.9
58 7 3.15
65.2 0.6
0.9
57 7 3.15
65.2 0.6
0.9
176 8 3.6
62.3 0.5
0.6
146 9 4.05
62.3 0.5
0.6
76 9 4.05
62.3 0.5
0.6
145 18  8.1 71.3  0.6 0.7
138 19  8.55 71.3  0.6 0.7
121 19  8.55 71.3  0.6 0.7
199 8 3.6
51.8 0.7
0.8
166 9 4.05
51.8 0.7
0.8
52 13 5.85
51.8 0.7
0.8
175 9 4.05
67 0.6  0.7
124 11  4.95 67  0.6 0.7
68 11 4.95
67 0.6  0.7
198 7 3.15
67.2 0.9
0.6
123 7 3.15
67.2 0.9
0.6
101 7 3.15
67.2 0.9
0.6
188 11  4.95 58.2  0.7 0.6
128 12  5.4 58.2  0.7 0.6
55 12 5.4
58.2 0.7
0.6
176 12  5.4 61.1  0.5 0.6
84 13 5.85
61.1 0.5
0.6
72 13 5.85
61.1 0.5
0.6
126 17  7.65 67.8  0.7 0.7
64 17 7.65
67.8 0.7
0.7
51 17 7.65
67.8 0.7
0.7
138 11  4.95 61.8  0.8 0.8
82 11 4.95
61.8 0.8
0.8
53 12 5.4
61.8 0.8
0.8
165 8 3.6
76.9 0.6
0.7
118 8 3.6
76.9 0.6
0.7
70 9 4.05
76.9 0.6
0.7
161 10  4.5 61.5  0.6 0.7
123 11  4.95 61.5  0.6 0.7
120 13  5.85 61.5  0.6 0.7
182 6 2.7
75.9 0.6
0.7
178 6 2.7
75.9 0.6
0.7
90 7 3.15
75.9 0.6
0.7
195 11  4.95 59  0.7 0.7
166 12  5.4 59  0.7 0.7
53 12 5.4
59 0.7  0.7
156 8 3.6
74.4 0.7
0.8
152 8 3.6
74.4 0.7
0.8
108 11  4.95 74.4  0.7 0.8
108 14  6.3 61.9  0.9 0.6
95 15 6.75
61.9 0.9
0.6
87 17 7.65
61.9 0.9
0.6
198 12  5.4 72.9  0.6 0.7
169 13  5.85 72.9  0.6 0.7
110 13  5.85 72.9  0.6 0.7
146 10  4.5 58.6  0.6 0.6
145 10  4.5 58.6  0.6 0.6
88 11 4.95
58.6 0.6
0.6
181 14  6.3 61.1  0.6 0.7
172 15  6.75 61.1  0.6 0.7
102 17  7.65 61.1  0.6 0.7
175 9 4.05
59.1 0.8
0.8
132 9 4.05
59.1 0.8
0.8
78 10 4.5
59.1 0.8
0.8
139 14  6.3 64.5  0.8 0.5
114 14  6.3 64.5  0.8 0.5
82 15 6.75
64.5 0.8
0.5
176 19  8.55 76.6  0.8 0.7
144 19  8.55 76.6  0.8 0.7
81 20 9
76.6 0.8
0.7
180 8 3.6
75.3 0.8
0.6
116 9 4.05
75.3 0.8
0.6
97 10 4.5
75.3 0.8
0.6
189 11  4.95 56  0.8 0.7
180 12  5.4 56  0.8 0.7
175 13  5.85 56  0.8 0.7
116 9 4.05
74.5 0.5
0.8
108 9 4.05
74.5 0.5
0.8
95 10 4.5
74.5 0.5
0.8
157 4 1.8
55.2 0.8
0.8
129 4 1.8
55.2 0.8
0.8
84 6 2.7
55.2 0.8
0.8
94 10 4.5
66.3 0.7
0.7
94 10 4.5
66.3 0.7
0.7
70 10 4.5
66.3 0.7
0.7
113 7 3.15
73.9 0.7
0.7
107 8 3.6
73.9 0.7
0.7
79 9 4.05
73.9 0.7
0.7
165 7 3.15
74.4 0.6
0.9
93 7 3.15
74.4 0.6
0.9
83 8 3.6
74.4 0.6
0.9
181 5 2.25
61.3 0.8
0.6
170 5 2.25
61.3 0.8
0.6
67 7 3.15
61.3 0.8
0.6
156 7 3.15
57 0.5  0.8
153 8 3.6
57 0.5  0.8
50 10 4.5
57 0.5  0.8
129 18  8.1 54.8  0.7 0.8
89 18 8.1
54.8 0.7
0.8
82 19 8.55
54.8 0.7
0.8
115 11  4.95 80  0.7 0.6
108 13  5.85 80  0.7 0.6
74 14 6.3
80 0.7  0.6
163 18  8.1 60.6  0.7 0.7
81 19 8.55
60.6 0.7
0.7
74 19 8.55
60.6 0.7
0.7
187 5 2.25
78.1 0.9
0.7
174 6 2.7
78.1 0.9
0.7
140 7 3.15
78.1 0.9
0.7
179 8 3.6
79 0.5  0.6
168 11  4.95 79  0.5 0.6
108 11  4.95 79  0.5 0.6
138 13  5.85 68.5  0.6 0.6
76 13 5.85
68.5 0.6
0.6
56 13 5.85
68.5 0.6
0.6
185 6 2.7
76.3 0.6
0.8
102 8 3.6
76.3 0.6
0.8
85 8 3.6
76.3 0.6
0.8
184 3 1.35
75.8 0.9
0.6
136 5 2.25
75.8 0.9
0.6
109 5 2.25
75.8 0.9
0.6
152 3 1.35
78.9 0.6
0.6
123 5 2.25
78.9 0.6
0.6
59 6 2.7
78.9 0.6
0.6
191 14  6.3 50.2  0.9 0.6
147 15  6.75 50.2  0.9 0.6
126 15  6.75 50.2  0.9 0.6
144 4 1.8
66.2 0.6
0.7
108 6 2.7
66.2 0.6
0.7
55 7 3.15
66.2 0.6
0.7
185 11  4.95 69.2  0.8 0.7
144 11  4.95 69.2  0.8 0.7
68 11 4.95
69.2 0.8
0.7
125 16  7.2 77.4  0.8 0.7
114 16  7.2 77.4  0.8 0.7
89 17 7.65
77.4 0.8
0.7
91 16 7.2
52.7 0.5
0.9
70 16 7.2
52.7 0.5
0.9
69 17 7.65
52.7 0.5
0.9
129 9 4.05
53.4 0.8
0.9
128 10  4.5 53.4  0.8 0.9
91 11 4.95
53.4 0.8
0.9
189 15  6.75 68.5  0.7 0.6
163 15  6.75 68.5  0.7 0.6
155 17  7.65 68.5  0.7 0.6
152 7 3.15
58.6 0.7
0.6
125 9 4.05
58.6 0.7
0.6
57 9 4.05
58.6 0.7
0.6
101 10  4.5 70.9  0.6 0.5
93 11 4.95
70.9 0.6
0.5
84 12 5.4
70.9 0.6
0.5
183 12  5.4 79.2  0.7 0.7
170 12  5.4 79.2  0.7 0.7
134 13  5.85 79.2  0.7 0.7
190 7 3.15
78.9 0.8
0.6
94 8 3.6
78.9 0.8
0.6
81 8 3.6
78.9 0.8
0.6
192 5 2.25
77.8 0.8
0.5
148 7 3.15
77.8 0.8
0.5
102 8 3.6
77.8 0.8
0.5
193 5 2.25
64.4 0.7
0.9
138 5 2.25
64.4 0.7
0.9
116 6 2.7
64.4 0.7
0.9
196 18  8.1 79  0.5 0.5
129 18  8.1 79  0.5 0.5
124 18  8.1 79  0.5 0.5
185 8 3.6
56 0.5  0.6
105 11  4.95 56  0.5 0.6
78 12 5.4
56 0.5  0.6
169 9 4.05
75.5 0.9
0.6
124 10  4.5 75.5  0.9 0.6
115 10  4.5 75.5  0.9 0.6
161 6 2.7
61.9 0.5
0.8
105 7 3.15
61.9 0.5
0.8
104 8 3.6
61.9 0.5
0.8
159 8 3.6
53.9 0.7
0.7
125 9 4.05
53.9 0.7
0.7
106 10  4.5 53.9  0.7 0.7
110 3 1.35
51.9 0.8
0.7
71 4 1.8
51.9 0.8
0.7
57 5 2.25
51.9 0.8
0.7
143 15  6.75 63.7  0.9 0.6
84 16 7.2
63.7 0.9
0.6
70 16 7.2
63.7 0.9
0.6
195 7 3.15
64.3 0.9
0.8
182 8 3.6
64.3 0.9
0.8
97 10 4.5
64.3 0.9
0.8
154 15  6.75 53  0.8 0.8
127 15  6.75 53  0.8 0.8
96 17 7.65
53 0.8  0.8
143 7 3.15
60.3 0.6
0.8
85 8 3.6
60.3 0.6
0.8
69 9 4.05
60.3 0.6
0.8
154 4 1.8
74.8 0.8
0.8
147 6 2.7
74.8 0.8
0.8
71 6 2.7
74.8 0.8
0.8
192 12  5.4 72.9  0.9 0.8
168 12  5.4 72.9  0.9 0.8
71 13 5.85
72.9 0.9
0.8
199 7 3.15
74.7 0.8
0.7
104 8 3.6
74.7 0.8
0.7
97 9 4.05
74.7 0.8
0.7
175 9 4.05
70.7 0.6
0.7
152 9 4.05
70.7 0.6
0.7
145 9 4.05
70.7 0.6
0.7
200 19  8.55 50.5  0.5 0.6
154 19  8.55 50.5  0.5 0.6
73 20 9
50.5 0.5
0.6
193 12  5.4 74.8  0.8 0.6
130 13  5.85 74.8  0.8 0.6
67 14 6.3
74.8 0.8
0.6
118 18  8.1 72.9  0.8 0.8
104 19  8.55 72.9  0.8 0.8
51 21 9.45
72.9 0.8
0.8
173 15  6.75 58.6  0.7 0.8
164 16  7.2 58.6  0.7 0.8
134 16  7.2 58.6  0.7 0.8
155 11  4.95 64  0.9 0.5
153 13  5.85 64  0.9 0.5
129 13  5.85 64  0.9 0.5
176 8 3.6
59.4 0.9
0.9
148 10  4.5 59.4  0.9 0.9
126 12  5.4 59.4  0.9 0.9
179 15  6.75 50.2  0.8 0.8
146 16  7.2 50.2  0.8 0.8
125 16  7.2 50.2  0.8 0.8
128 9 4.05
69.9 0.9
0.9
126 10  4.5 69.9  0.9 0.9
118 10  4.5 69.9  0.9 0.9
174 7 3.15
59.8 0.5
0.8
145 7 3.15
59.8 0.5
0.8
98 9 4.05
59.8 0.5
0.8
196 6 2.7
76.7 0.5
0.6
154 7 3.15
76.7 0.5
0.6
68 7 3.15
76.7 0.5
0.6
195 13  5.85 76.9  0.6 0.7
171 14  6.3 76.9  0.6 0.7
69 15 6.75
76.9 0.6
0.7
68 12 5.4
60.8 0.5
0.7
53 12 5.4
60.8 0.5
0.7
50 12 5.4
60.8 0.5
0.7
98 3 1.35
67.3 0.8
0.8
76 5 2.25
67.3 0.8
0.8
70 6 2.7
67.3 0.8
0.8
178 5 2.25
54.3 0.6
0.8
162 5 2.25
54.3 0.6
0.8
86 6 2.7
54.3 0.6
0.8
137 9 4.05
79.4 0.8
0.6
80 10 4.5
79.4 0.8
0.6
71 11 4.95
79.4 0.8
0.6
196 11  4.95 51.9  0.5 0.7
129 12  5.4 51.9  0.5 0.7
128 12  5.4 51.9  0.5 0.7
182 9 4.05
70.3 0.8
0.7
90 10 4.5
70.3 0.8
0.7
60 11 4.95
70.3 0.8
0.7
124 5 2.25
62.9 0.6
0.6
76 6 2.7
62.9 0.6
0.6
57 6 2.7
62.9 0.6
0.6
150 15  6.75 53.5  0.7 0.8
66 15 6.75
53.5 0.7
0.8
61 16 7.2
53.5 0.7
0.8
93 4 1.8
72.7 0.7
0.9
93 4 1.8
72.7 0.7
0.9
58 6 2.7
72.7 0.7
0.9
130 18  8.1 68.4  0.6 0.8
104 19  8.55 68.4  0.6 0.8
53 19 8.55
68.4 0.6
0.8
174 14  6.3 62.2  0.7 0.7
162 14  6.3 62.2  0.7 0.7
83 15 6.75
62.2 0.7
0.7
178 18  8.1 79.2  0.6 0.7
135 19  8.55 79.2  0.6 0.7
131 20  9 79.2  0.6 0.7
157 8 3.6
50.4 0.5
0.7
144 9 4.05
50.4 0.5
0.7
98 10 4.5
50.4 0.5
0.7
149 16  7.2 70.8  0.7 0.7
99 16 7.2
70.8 0.7
0.7
80 17 7.65
70.8 0.7
0.7
186 10  4.5 54.3  0.6 0.5
155 11  4.95 54.3  0.6 0.5
94 12 5.4
54.3 0.6
0.5
200 10  4.5 53.6  0.8 0.9
193 11  4.95 53.6  0.8 0.9
164 13  5.85 53.6  0.8 0.9
149 14  6.3 75.8  0.7 0.8
74 15 6.75
75.8 0.7
0.8
66 15 6.75
75.8 0.7
0.8
179 8 3.6
52.1 0.7
0.6
149 10  4.5 52.1  0.7 0.6
139 11  4.95 52.1  0.7 0.6
129 6 2.7
74.9 0.6
0.5
97 6 2.7
74.9 0.6
0.5
88 7 3.15
74.9 0.6
0.5
187 10  4.5 70.8  0.8 0.6
120 11  4.95 70.8  0.8 0.6
118 11  4.95 70.8  0.8 0.6
162 12  5.4 67.7  0.6 0.7
120 14  6.3 67.7  0.6 0.7
56 14 6.3
67.7 0.6
0.7
188 7 3.15
71.6 0.8
0.7
168 7 3.15
71.6 0.8
0.7
67 9 4.05
71.6 0.8
0.7
181 16  7.2 53.1  0.8 0.5
92 17 7.65
53.1 0.8
0.5
88 17 7.65
53.1 0.8
0.5
95 9 4.05
78 0.7  0.8
58 9 4.05
78 0.7  0.8
56 10 4.5
78 0.7  0.8
163 15  6.75 77.9  0.8 0.6
159 16  7.2 77.9  0.8 0.6
86 16 7.2
77.9 0.8
0.6
186 8 3.6
79 0.7  0.7
113 9 4.05
79 0.7  0.7
58 10 4.5
79 0.7  0.7
162 16  7.2 68.8  0.8 0.9
145 17  7.65 68.8  0.8 0.9
50 19 8.55
68.8 0.8
0.9
141 5 2.25
70.6 0.6
0.9
113 5 2.25
70.6 0.6
0.9
89 7 3.15
70.6 0.6
0.9
184 10  4.5 76.7  0.5 0.7
146 11  4.95 76.7  0.5 0.7
121 11  4.95 76.7  0.5 0.7
186 16  7.2 63  0.6 0.5
137 18  8.1 63  0.6 0.5
103 18  8.1 63  0.6 0.5
178 4 1.8
66.5 0.7
0.9
160 6 2.7
66.5 0.7
0.9
88 6 2.7
66.5 0.7
0.9
194 4 1.8
68.4 0.8
0.6
60 5 2.25
68.4 0.8
0.6
59 7 3.15
68.4 0.8
0.6
174 12  5.4 74.5  0.7 0.6
143 12  5.4 74.5  0.7 0.6
81 13 5.85
74.5 0.7
0.6
102 14  6.3 58.6  0.7 0.8
64 15 6.75
58.6 0.7
0.8
57 15 6.75
58.6 0.7
0.8
114 10  4.5 55.4  0.7 0.6
87 11 4.95
55.4 0.7
0.6
80 14 6.3
55.4 0.7
0.6
115 9 4.05
62.7 0.8
0.5
84 10 4.5
62.7 0.8
0.5
57 10 4.5
62.7 0.8
0.5
194 15  6.75 65.1  0.5 0.5
122 16  7.2 65.1  0.5 0.5
121 16  7.2 65.1  0.5 0.5
147 13  5.85 73.1  0.7 0.8
146 14  6.3 73.1  0.7 0.8
58 15 6.75
73.1 0.7
0.8
114 17  7.65 54.6  0.8 0.8
73 19 8.55
54.6 0.8
0.8
60 19 8.55
54.6 0.8
0.8
190 9 4.05
61.5 0.8
0.9
185 10  4.5 61.5  0.8 0.9
55 10 4.5
61.5 0.8
0.9
134 9 4.05
68.2 0.6
0.7
127 9 4.05
68.2 0.6
0.7
57 9 4.05
68.2 0.6
0.7
189 7 3.15
71 0.6  0.8
171 7 3.15
71 0.6  0.8
58 8 3.6
71 0.6  0.8
193 16  7.2 66.4  0.7 0.8
137 17  7.65 66.4  0.7 0.8
64 17 7.65
66.4 0.7
0.8
198 11  4.95 52  0.6 0.9
181 11  4.95 52  0.6 0.9
60 12 5.4
52 0.6  0.9
102 10  4.5 73.6  0.6 0.7
94 10 4.5
73.6 0.6
0.7
64 12 5.4
73.6 0.6
0.7
155 13  5.85 50.7  0.6 0.5
69 14 6.3
50.7 0.6
0.5
53 15 6.75
50.7 0.6
0.5
197 7 3.15
68.4 0.7
0.9
143 8 3.6
68.4 0.7
0.9
136 8 3.6
68.4 0.7
0.9
181 16  7.2 55.4  0.5 0.5
122 16  7.2 55.4  0.5 0.5
72 16 7.2
55.4 0.5
0.5
195 10  4.5 59.7  0.7 0.7
189 10  4.5 59.7  0.7 0.7
188 12  5.4 59.7  0.7 0.7
133 6 2.7
51.4 0.6
0.5
105 8 3.6
51.4 0.6
0.5
93 9 4.05
51.4 0.6
0.5
191 10  4.5 78.9  0.6 0.8
184 12  5.4 78.9  0.6 0.8
133 12  5.4 78.9  0.6 0.8
171 7 3.15
70.8 0.8
0.7
169 7 3.15
70.8 0.8
0.7
149 8 3.6
70.8 0.8
0.7
159 17  7.65 70.6  0.9 0.6
143 17  7.65 70.6  0.9 0.6
111 18  8.1 70.6  0.9 0.6
120 12  5.4 75.4  0.8 0.7
102 13  5.85 75.4  0.8 0.7
101 14  6.3 75.4  0.8 0.7
155 18  8.1 53.1  0.5 0.8
104 18  8.1 53.1  0.5 0.8
81 21 9.45
53.1 0.5
0.8
147 9 4.05
52.2 0.8
0.8
139 9 4.05
52.2 0.8
0.8
135 11  4.95 52.2  0.8 0.8
190 4 1.8
70.4 0.6
0.7
174 6 2.7
70.4 0.6
0.7
123 7 3.15
70.4 0.6
0.7
171 14  6.3 79.1  0.7 0.6
124 15  6.75 79.1  0.7 0.6
70 16 7.2
79.1 0.7
0.6
155 8 3.6
67.3 0.6
0.8
68 9 4.05
67.3 0.6
0.8
62 10 4.5
67.3 0.6
0.8
158 11  4.95 76.2  0.6 0.7
146 11  4.95 76.2  0.6 0.7
86 12 5.4
76.2 0.6
0.7
169 5 2.25
78.2 0.7
0.7
139 6 2.7
78.2 0.7
0.7
65 6 2.7
78.2 0.7
0.7
177 13  5.85 51.4  0.5 0.6
90 14 6.3
51.4 0.5
0.6
75 14 6.3
51.4 0.5
0.6
154 7 3.15
69.2 0.6
0.7
103 7 3.15
69.2 0.6
0.7
75 10 4.5
69.2 0.6
0.7
102 4 1.8
56.4 0.7
0.7
98 5 2.25
56.4 0.7
0.7
90 7 3.15
56.4 0.7
0.7
142 19  8.55 72.8  0.5 0.8
95 20 9
72.8 0.5
0.8
83 21 9.45
72.8 0.5
0.8
126 18  8.1 69.8  0.6 0.9
123 18  8.1 69.8  0.6 0.9
108 19  8.55 69.8  0.6 0.9
123 9 4.05
69.4 0.7
0.7
87 10 4.5
69.4 0.7
0.7
71 11 4.95
69.4 0.7
0.7
148 11  4.95 76.6  0.9 0.7
125 11  4.95 76.6  0.9 0.7
78 12 5.4
76.6 0.9
0.7
195 6 2.7
57.7 0.9
0.7
121 8 3.6
57.7 0.9
0.7
105 8 3.6
57.7 0.9
0.7
195 16  7.2 57.2  0.7 0.6
164 17  7.65 57.2  0.7 0.6
78 17 7.65
57.2 0.7
0.6
181 5 2.25
63 0.8  0.8
103 5 2.25
63 0.8  0.8
62 7 3.15
63 0.8  0.8
154 10  4.5 71.9  0.5 0.7
139 12  5.4 71.9  0.5 0.7
121 13  5.85 71.9  0.5 0.7
179 17  7.65 59.5  0.5 0.7
127 18  8.1 59.5  0.5 0.7
73 18 8.1
59.5 0.5
0.7
200 10  4.5 54.4  0.9 0.9
119 11  4.95 54.4  0.9 0.9
58 12 5.4
54.4 0.9
0.9
151 12  5.4 55.2  0.9 0.8
103 13  5.85 55.2  0.9 0.8
96 13 5.85
55.2 0.9
0.8
140 14  6.3 58  0.5 0.7
75 16 7.2
58 0.5  0.7
57 16 7.2
58 0.5  0.7
191 9 4.05
66.5 0.6
0.6
145 9 4.05
66.5 0.6
0.6
73 11 4.95
66.5 0.6
0.6
141 5 2.25
52.8 0.5
0.9
130 5 2.25
52.8 0.5
0.9
93 6 2.7
52.8 0.5
0.9
115 9 4.05
64.8 0.9
0.7
107 9 4.05
64.8 0.9
0.7
60 10 4.5
64.8 0.9
0.7
156 8 3.6
51.1 0.6
0.7
150 8 3.6
51.1 0.6
0.7
122 8 3.6
51.1 0.6
0.7
153 14  6.3 76  0.8 0.7
138 14  6.3 76  0.8 0.7
85 15 6.75
76 0.8  0.7
183 12  5.4 60.1  0.5 0.7
175 12  5.4 60.1  0.5 0.7
161 13  5.85 60.1  0.5 0.7
173 12  5.4 58.3  0.7 0.7
78 13 5.85
58.3 0.7
0.7
62 15 6.75
58.3 0.7
0.7
148 7 3.15
73.2 0.6
0.6
138 10  4.5 73.2  0.6 0.6
54 10 4.5
73.2 0.6
0.6
184 5 2.25
74 0.6  0.8
182 6 2.7
74 0.6  0.8
174 7 3.15
74 0.6  0.8
194 9 4.05
70.8 0.7
0.6
156 11  4.95 70.8  0.7 0.6
101 11  4.95 70.8  0.7 0.6
189 6 2.7
70.7 0.5
0.7
105 6 2.7
70.7 0.5
0.7
75 7 3.15
70.7 0.5
0.7
195 12  5.4 51.7  0.6 0.7
100 13  5.85 51.7  0.6 0.7
93 14 6.3
51.7 0.6
0.7
174 7 3.15
51.2 0.7
0.6
139 10  4.5 51.2  0.7 0.6
96 10 4.5
51.2 0.7
0.6
191 6 2.7
56.3 0.7
0.6
144 8 3.6
56.3 0.7
0.6
68 9 4.05
56.3 0.7
0.6
121 6 2.7
69.9 0.8
0.5
108 8 3.6
69.9 0.8
0.5
62 8 3.6
69.9 0.8
0.5
193 4 1.8
71.7 0.5
0.6
69 4 1.8
71.7 0.5
0.6
63 6 2.7
71.7 0.5
0.6
84 4 1.8
70.7 0.7
0.6
58 5 2.25
70.7 0.7
0.6
53 6 2.7
70.7 0.7
0.6
175 6 2.7
71 0.8  0.7
165 7 3.15
71 0.8  0.7
68 7 3.15
71 0.8  0.7
177 10  4.5 68.3  0.8 0.9
146 11  4.95 68.3  0.8 0.9
143 12  5.4 68.3  0.8 0.9
129 12  5.4 78.2  0.9 0.7
95 13 5.85
78.2 0.9
0.7
80 14 6.3
78.2 0.9
0.7
133 7 3.15
71.8 0.8
0.8
120 7 3.15
71.8 0.8
0.8
74 9 4.05
71.8 0.8
0.8
199 16  7.2 67.2  0.5 0.6
168 16  7.2 67.2  0.5 0.6
149 16  7.2 67.2  0.5 0.6
180 8 3.6
74.1 0.5
0.8
167 8 3.6
74.1 0.5
0.8
103 10  4.5 74.1  0.5 0.8
179 15  6.75 50.7  0.8 0.8
132 16  7.2 50.7  0.8 0.8
130 16  7.2 50.7  0.8 0.8
136 7 3.15
76.1 0.7
0.7
134 9 4.05
76.1 0.7
0.7
127 9 4.05
76.1 0.7
0.7
109 7 3.15
61.3 0.5
0.5
102 7 3.15
61.3 0.5
0.5
76 7 3.15
61.3 0.5
0.5
170 9 4.05
54.5 0.8
0.7
150 10  4.5 54.5  0.8 0.7
89 11 4.95
54.5 0.8
0.7
188 7 3.15
64.1 0.5
0.6
121 7 3.15
64.1 0.5
0.6
87 8 3.6
64.1 0.5
0.6
144 6 2.7
58.1 0.5
0.8
114 7 3.15
58.1 0.5
0.8
81 8 3.6
58.1 0.5
0.8
176 3 1.35
56.6 0.7
0.8
171 6 2.7
56.6 0.7
0.8
91 6 2.7
56.6 0.7
0.8
179 5 2.25
74.6 0.7
0.5
169 5 2.25
74.6 0.7
0.5
79 6 2.7
74.6 0.7
0.5
192 18  8.1 78.3  0.8 0.6
160 19  8.55 78.3  0.8 0.6
146 20  9 78.3  0.8 0.6
160 7 3.15
69.8 0.8
0.8
153 8 3.6
69.8 0.8
0.8
150 9 4.05
69.8 0.8
0.8
154 7 3.15
67.3 0.7
0.5
137 7 3.15
67.3 0.7
0.5
107 7 3.15
67.3 0.7
0.5
149 14  6.3 67.1  0.7 0.7
114 14  6.3 67.1  0.7 0.7
67 15 6.75
67.1 0.7
0.7
179 11  4.95 64.1  0.7 0.7
124 12  5.4 64.1  0.7 0.7
92 14 6.3
64.1 0.7
0.7
167 15  6.75 50.7  0.6 0.8
128 17  7.65 50.7  0.6 0.8
104 17  7.65 50.7  0.6 0.8
191 9 4.05
79.6 0.6
0.7
160 11  4.95 79.6  0.6 0.7
159 12  5.4 79.6  0.6 0.7
200 6 2.7
67.3 0.6
0.9
175 8 3.6
67.3 0.6
0.9
144 8 3.6
67.3 0.6
0.9
178 10  4.5 76.7  0.9 0.8
69 11 4.95
76.7 0.9
0.8
68 12 5.4
76.7 0.9
0.8
184 14  6.3 73.9  0.7 0.8
102 15  6.75 73.9  0.7 0.8
92 17 7.65
73.9 0.7
0.8
146 18  8.1 71.9  0.5 0.9
73 19 8.55
71.9 0.5
0.9
65 20 9
71.9 0.5
0.9
164 8 3.6
50.8 0.7
0.6
115 9 4.05
50.8 0.7
0.6
86 9 4.05
50.8 0.7
0.6
175 16  7.2 69.7  0.6 0.9
152 16  7.2 69.7  0.6 0.9
116 17  7.65 69.7  0.6 0.9
169 5 2.25
66.7 0.8
0.8
161 6 2.7
66.7 0.8
0.8
156 6 2.7
66.7 0.8
0.8
181 11  4.95 67.4  0.9 0.7
166 11  4.95 67.4  0.9 0.7
140 12  5.4 67.4  0.9 0.7
139 16  7.2 50.1  0.7 0.7
66 16 7.2
50.1 0.7
0.7
54 17 7.65
50.1 0.7
0.7
139 4 1.8
50.5 0.5
0.7
113 6 2.7
50.5 0.5
0.7
90 6 2.7
50.5 0.5
0.7
104 4 1.8
52.2 0.8
0.7
91 4 1.8
52.2 0.8
0.7
91 5 2.25
52.2 0.8
0.7
182 9 4.05
63.3 0.6
0.6
172 10  4.5 63.3  0.6 0.6
84 11 4.95
63.3 0.6
0.6
157 11  4.95 50  0.6 0.8
147 12  5.4 50  0.6 0.8
73 12 5.4
50 0.6  0.8
98 18 8.1
72.9 0.5
0.8
85 19 8.55
72.9 0.5
0.8
81 19 8.55
72.9 0.5
0.8
176 15  6.75 75.2  0.8 0.6
157 15  6.75 75.2  0.8 0.6
121 18  8.1 75.2  0.8 0.6
157 7 3.15
61.3 0.6
0.5
76 7 3.15
61.3 0.6
0.5
61 8 3.6
61.3 0.6
0.5
177 13  5.85 73.7  0.5 0.6
125 13  5.85 73.7  0.5 0.6
69 14 6.3
73.7 0.5
0.6
110 16  7.2 54.7  0.8 0.9
92 20 9
54.7 0.8
0.9
62 20 9
54.7 0.8
0.9
148 15  6.75 50.8  0.6 0.8
122 18  8.1 50.8  0.6 0.8
77 18 8.1
50.8 0.6
0.8
197 8 3.6
53.6 0.6
0.8
159 10  4.5 53.6  0.6 0.8
94 11 4.95
53.6 0.6
0.8
199 9 4.05
77.7 0.6
0.9
176 10  4.5 77.7  0.6 0.9
125 10  4.5 77.7  0.6 0.9
169 6 2.7
50.6 0.8
0.7
164 8 3.6
50.6 0.8
0.7
108 8 3.6
50.6 0.8
0.7
141 5 2.25
77.3 0.5
0.5
108 6 2.7
77.3 0.5
0.5
88 8 3.6
77.3 0.5
0.5
163 12  5.4 65.3  0.6 0.7
161 12  5.4 65.3  0.6 0.7
54 13 5.85
65.3 0.6
0.7
172 7 3.15
51.3 0.6
0.8
160 9 4.05
51.3 0.6
0.8
78 10 4.5
51.3 0.6
0.8
176 9 4.05
73.4 0.8
0.9
112 12  5.4 73.4  0.8 0.9
62 12 5.4
73.4 0.8
0.9
132 9 4.05
73.5 0.7
0.6
125 10  4.5 73.5  0.7 0.6
86 12 5.4
73.5 0.7
0.6
154 16  7.2 61.9  0.8 0.7
146 17  7.65 61.9  0.8 0.7
108 18  8.1 61.9  0.8 0.7
178 9 4.05
66.1 0.7
0.7
173 10  4.5 66.1  0.7 0.7
172 11  4.95 66.1  0.7 0.7
191 10  4.5 54.3  0.8 0.9
152 11  4.95 54.3  0.8 0.9
115 12  5.4 54.3  0.8 0.9
157 6 2.7
60.4 0.7
0.5
146 6 2.7
60.4 0.7
0.5
57 8 3.6
60.4 0.7
0.5
131 6 2.7
65.9 0.6
0.6
88 7 3.15
65.9 0.6
0.6
88 7 3.15
65.9 0.6
0.6
109 9 4.05
69.6 0.6
0.6
75 9 4.05
69.6 0.6
0.6
75 10 4.5
69.6 0.6
0.6
199 5 2.25
56.5 0.9
0.8
168 5 2.25
56.5 0.9
0.8
111 6 2.7
56.5 0.9
0.8
167 3 1.35
74.1 0.8
0.6
125 5 2.25
74.1 0.8
0.6
82 5 2.25
74.1 0.8
0.6
160 12  5.4 62.3  0.6 0.6
150 12  5.4 62.3  0.6 0.6
142 14  6.3 62.3  0.6 0.6
182 8 3.6
58.8 0.6
0.5
99 9 4.05
58.8 0.6
0.5
58 10 4.5
58.8 0.6
0.5
184 4 1.8
53.4 0.8
0.6
103 4 1.8
53.4 0.8
0.6
69 7 3.15
53.4 0.8
0.6
159 9 4.05
52.4 0.6
0.7
134 11  4.95 52.4  0.6 0.7
118 13  5.85 52.4  0.6 0.7
180 16  7.2 57.4  0.7 0.6
137 16  7.2 57.4  0.7 0.6
122 17  7.65 57.4  0.7 0.6
167 10  4.5 63  0.6 0.5
85 10 4.5
63 0.6  0.5
80 11 4.95
63 0.6  0.5
144 3 1.35
71.1 0.7
0.9
142 4 1.8
71.1 0.7
0.9
117 4 1.8
71.1 0.7
0.9
172 14  6.3 74  0.8 0.6
136 15  6.75 74  0.8 0.6
69 16 7.2
74 0.8  0.6
143 6 2.7
67.8 0.8
0.9
86 6 2.7
67.8 0.8
0.9
72 6 2.7
67.8 0.8
0.9
167 9 4.05
67.3 0.7
0.7
138 11  4.95 67.3  0.7 0.7
97 12 5.4
67.3 0.7
0.7
111 16  7.2 73.5  0.7 0.7
87 18 8.1
73.5 0.7
0.7
55 18 8.1
73.5 0.7
0.7
138 5 2.25
57.6 0.9
0.5
66 5 2.25
57.6 0.9
0.5
53 6 2.7
57.6 0.9
0.5
184 13  5.85 51.6  0.6 0.6
180 13  5.85 51.6  0.6 0.6
102 13  5.85 51.6  0.6 0.6
151 6 2.7
70.4 0.7
0.8
104 7 3.15
70.4 0.7
0.8
91 8 3.6
70.4 0.7
0.8
173 11  4.95 67.5  0.6 0.5
144 12  5.4 67.5  0.6 0.5
113 13  5.85 67.5  0.6 0.5
181 15  6.75 67.9  0.6 0.9
142 15  6.75 67.9  0.6 0.9
93 15 6.75
67.9 0.6
0.9
154 17  7.65 56.1  0.8 0.6
117 17  7.65 56.1  0.8 0.6
100 18  8.1 56.1  0.8 0.6
166 10  4.5 52.2  0.8 0.6
153 11  4.95 52.2  0.8 0.6
87 11 4.95
52.2 0.8
0.6
199 11  4.95 64.8  0.8 0.8
190 11  4.95 64.8  0.8 0.8
151 12  5.4 64.8  0.8 0.8
188 6 2.7
59.1 0.8
0.7
144 8 3.6
59.1 0.8
0.7
60 8 3.6
59.1 0.8
0.7
169 13  5.85 73.6  0.8 0.7
135 14  6.3 73.6  0.8 0.7
112 15  6.75 73.6  0.8 0.7
199 16  7.2 69.1  0.5 0.9
164 16  7.2 69.1  0.5 0.9
137 17  7.65 69.1  0.5 0.9
167 18  8.1 67  0.7 0.8
145 19  8.55 67  0.7 0.8
114 19  8.55 67  0.7 0.8
194 8 3.6
53.5 0.6
0.7
86 9 4.05
53.5 0.6
0.7
84 10 4.5
53.5 0.6
0.7
188 7 3.15
65.6 0.8
0.9
168 9 4.05
65.6 0.8
0.9
148 10  4.5 65.6  0.8 0.9
173 16  7.2 74.6  0.7 0.8
140 17  7.65 74.6  0.7 0.8
97 17 7.65
74.6 0.7
0.8
162 12  5.4 59.1  0.5 0.7
154 12  5.4 59.1  0.5 0.7
87 13 5.85
59.1 0.5
0.7
144 18  8.1 58.7  0.9 0.7
114 19  8.55 58.7  0.9 0.7
60 19 8.55
58.7 0.9
0.7
159 14  6.3 63.2  0.6 0.8
145 16  7.2 63.2  0.6 0.8
131 17  7.65 63.2  0.6 0.8
193 7 3.15
69.1 0.9
0.8
159 8 3.6
69.1 0.9
0.8
82 9 4.05
69.1 0.9
0.8
179 14  6.3 75.1  0.7 0.6
105 16  7.2 75.1  0.7 0.6
86 16 7.2
75.1 0.7
0.6
160 6 2.7
78.8 0.6
0.6
153 9 4.05
78.8 0.6
0.6
115 10  4.5 78.8  0.6 0.6
183 7 3.15
76.9 0.7
0.8
175 9 4.05
76.9 0.7
0.8
95 9 4.05
76.9 0.7
0.8
185 6 2.7
76.6 0.6
0.7
184 8 3.6
76.6 0.6
0.7
60 9 4.05
76.6 0.6
0.7
127 13  5.85 73.3  0.9 0.7
73 14 6.3
73.3 0.9
0.7
57 14 6.3
73.3 0.9
0.7
155 11  4.95 61.7  0.9 0.7
112 13  5.85 61.7  0.9 0.7
69 13 5.85
61.7 0.9
0.7
189 7 3.15
72.3 0.6
0.9
185 7 3.15
72.3 0.6
0.9
140 8 3.6
72.3 0.6
0.9
159 5 2.25
62.5 0.6
0.8
101 6 2.7
62.5 0.6
0.8
51 7 3.15
62.5 0.6
0.8
188 5 2.25
78.4 0.8
0.7
120 5 2.25
78.4 0.8
0.7
87 6 2.7
78.4 0.8
0.7
190 9 4.05
65.8 0.8
0.9
157 10  4.5 65.8  0.8 0.9
54 12 5.4
65.8 0.8
0.9
151 12  5.4 77.1  0.7 0.7
104 12  5.4 77.1  0.7 0.7
102 13  5.85 77.1  0.7 0.7
183 9 4.05
59.4 0.9
0.7
100 9 4.05
59.4 0.9
0.7
71 10 4.5
59.4 0.9
0.7
116 5 2.25
61 0.6  0.7
105 5 2.25
61 0.6  0.7
68 6 2.7
61 0.6  0.7
191 10  4.5 61.6  0.9 0.7
94 11 4.95
61.6 0.9
0.7
92 11 4.95
61.6 0.9
0.7
105 13  5.85 65.8  0.8 0.7
94 16 7.2
65.8 0.8
0.7
76 17 7.65
65.8 0.8
0.7
169 3 1.35
72 0.9  0.6
146 3 1.35
72 0.9  0.6
63 5 2.25
72 0.9  0.6
163 4 1.8
74.2 0.6
0.6
149 6 2.7
74.2 0.6
0.6
128 6 2.7
74.2 0.6
0.6
166 11  4.95 73.3  0.7 0.5
132 11  4.95 73.3  0.7 0.5
94 13 5.85
73.3 0.7
0.5
118 7 3.15
76.6 0.7
0.7
70 8 3.6
76.6 0.7
0.7
53 10 4.5
76.6 0.7
0.7
129 5 2.25
78 0.6  0.6
128 5 2.25
78 0.6  0.6
89 7 3.15
78 0.6  0.6
170 10  4.5 78.1  0.8 0.7
150 11  4.95 78.1  0.8 0.7
97 12 5.4
78.1 0.8
0.7
181 9 4.05
63.8 0.7
0.5
58 11 4.95
63.8 0.7
0.5
51 11 4.95
63.8 0.7
0.5
199 10  4.5 58.1  0.7 0.5
157 11  4.95 58.1  0.7 0.5
53 11 4.95
58.1 0.7
0.5
151 15  6.75 60.8  0.8 0.5
99 16 7.2
60.8 0.8
0.5
74 16 7.2
60.8 0.8
0.5
154 3 1.35
73 0.8  0.7
141 4 1.8
73 0.8  0.7
78 4 1.8
73 0.8  0.7
187 17  7.65 57.7  0.8 0.6
132 21  9.45 57.7  0.8 0.6
84 21 9.45
57.7 0.8
0.6
145 7 3.15
57.2 0.9
0.8
109 7 3.15
57.2 0.9
0.8
75 9 4.05
57.2 0.9
0.8
174 6 2.7
50.1 0.8
0.7
87 7 3.15
50.1 0.8
0.7
71 8 3.6
50.1 0.8
0.7
159 14  6.3 72.7  0.8 0.9
144 14  6.3 72.7  0.8 0.9
67 15 6.75
72.7 0.8
0.9
138 12  5.4 59.8  0.7 0.8
119 12  5.4 59.8  0.7 0.8
72 13 5.85
59.8 0.7
0.8
146 3 1.35
55.5 0.6
0.7
128 5 2.25
55.5 0.6
0.7
95 5 2.25
55.5 0.6
0.7
114 12  5.4 55.4  0.6 0.8
62 13 5.85
55.4 0.6
0.8
51 14 6.3
55.4 0.6
0.8
176 7 3.15
58.3 0.8
0.6
148 8 3.6
58.3 0.8
0.6
106 8 3.6
58.3 0.8
0.6
161 5 2.25
76 0.8  0.8
99 5 2.25
76 0.8  0.8
72 6 2.7
76 0.8  0.8
165 11  4.95 79.8  0.6 0.7
56 11 4.95
79.8 0.6
0.7
55 11 4.95
79.8 0.6
0.7
136 6 2.7
68.7 0.7
0.7
111 6 2.7
68.7 0.7
0.7
69 7 3.15
68.7 0.7
0.7
132 12  5.4 64.1  0.8 0.7
129 12  5.4 64.1  0.8 0.7
79 14 6.3
64.1 0.8
0.7
174 8 3.6
64.6 0.7
0.8
143 8 3.6
64.6 0.7
0.8
71 8 3.6
64.6 0.7
0.8
199 15  6.75 61.5  0.9 0.8
175 16  7.2 61.5  0.9 0.8
115 16  7.2 61.5  0.9 0.8
164 19  8.55 51.5  0.8 0.7
98 20 9
51.5 0.8
0.7
59 20 9
51.5 0.8
0.7
192 8 3.6
77.9 0.8
0.7
75 9 4.05
77.9 0.8
0.7
60 11 4.95
77.9 0.8
0.7
195 11  4.95 53.3  0.8 0.7
105 12  5.4 53.3  0.8 0.7
99 13 5.85
53.3 0.8
0.7
187 8 3.6
79.4 0.6
0.6
149 11  4.95 79.4  0.6 0.6
67 12 5.4
79.4 0.6
0.6
165 14  6.3 51.9  0.7 0.5
129 15  6.75 51.9  0.7 0.5
71 15 6.75
51.9 0.7
0.5
167 15  6.75 66.9  0.7 0.5
116 15  6.75 66.9  0.7 0.5
106 15  6.75 66.9  0.7 0.5
165 4 1.8
59.5 0.5
0.7
150 5 2.25
59.5 0.5
0.7
130 5 2.25
59.5 0.5
0.7
152 5 2.25
70.5 0.7
0.6
126 6 2.7
70.5 0.7
0.6
52 8 3.6
70.5 0.7
0.6
187 10  4.5 54.4  0.5 0.6
155 11  4.95 54.4  0.5 0.6
96 11 4.95
54.4 0.5
0.6
164 2 0.9
52.8 0.6
0.5
144 4 1.8
52.8 0.6
0.5
78 5 2.25
52.8 0.6
0.5
104 10  4.5 75.3  0.5 0.7
90 11 4.95
75.3 0.5
0.7
54 11 4.95
75.3 0.5
0.7
86 10 4.5
63.5 0.6
0.5
75 11 4.95
63.5 0.6
0.5
74 11 4.95
63.5 0.6
0.5
175 18  8.1 79  0.7 0.8
155 18  8.1 79  0.7 0.8
114 18  8.1 79  0.7 0.8
178 15  6.75 75.2  0.6 0.5
69 15 6.75
75.2 0.6
0.5
56 16 7.2
75.2 0.6
0.5
145 7 3.15
54.2 0.7
0.7
116 8 3.6
54.2 0.7
0.7
96 9 4.05
54.2 0.7
0.7
191 13  5.85 78.3  0.5 0.9
185 13  5.85 78.3  0.5 0.9
88 13 5.85
78.3 0.5
0.9
170 18  8.1 69.2  0.7 0.7
148 19  8.55 69.2  0.7 0.7
143 19  8.55 69.2  0.7 0.7
193 10  4.5 74.5  0.8 0.8
155 11  4.95 74.5  0.8 0.8
112 12  5.4 74.5  0.8 0.8
154 13  5.85 63  0.8 0.9
154 13  5.85 63  0.8 0.9
54 14 6.3
63 0.8  0.9
144 7 3.15
58.4 0.5
0.5
130 9 4.05
58.4 0.5
0.5
104 9 4.05
58.4 0.5
0.5
138 16  7.2 61.1  0.8 0.7
90 17 7.65
61.1 0.8
0.7
51 18 8.1
61.1 0.8
0.7
139 11  4.95 64.3  0.9 0.6
58 12 5.4
64.3 0.9
0.6
53 13 5.85
64.3 0.9
0.6
171 18  8.1 57.9  0.5 0.9
121 19  8.55 57.9  0.5 0.9
97 19 8.55
57.9 0.5
0.9
130 16  7.2 73.1  0.8 0.8
124 16  7.2 73.1  0.8 0.8
113 16  7.2 73.1  0.8 0.8
162 12  5.4 51.1  0.6 0.7
87 13 5.85
51.1 0.6
0.7
79 13 5.85
51.1 0.6
0.7
196 10  4.5 74  0.9 0.9
139 12  5.4 74  0.9 0.9
109 13  5.85 74  0.9 0.9
170 14  6.3 72.1  0.8 0.8
57 14 6.3
72.1 0.8
0.8
54 15 6.75
72.1 0.8
0.8
194 6 2.7
77.3 0.6
0.9
140 8 3.6
77.3 0.6
0.9
81 10 4.5
77.3 0.6
0.9
98 5 2.25
64.2 0.7
0.6
80 7 3.15
64.2 0.7
0.6
62 7 3.15
64.2 0.7
0.6
162 11  4.95 59  0.8 0.5
75 13 5.85
59 0.8  0.5
61 14 6.3
59 0.8  0.5
183 7 3.15
78.6 0.9
0.7
122 8 3.6
78.6 0.9
0.7
96 10 4.5
78.6 0.9
0.7
164 10  4.5 63.7  0.5 0.7
152 11  4.95 63.7  0.5 0.7
108 12  5.4 63.7  0.5 0.7
185 11  4.95 57.6  0.9 0.5
178 12  5.4 57.6  0.9 0.5
160 13  5.85 57.6  0.9 0.5
156 10  4.5 55.7  0.7 0.7
77 11 4.95
55.7 0.7
0.7
64 12 5.4
55.7 0.7
0.7
188 12  5.4 70  0.9 0.8
156 13  5.85 70  0.9 0.8
79 14 6.3
70 0.9  0.8
155 14  6.3 69.1  0.7 0.8
150 16  7.2 69.1  0.7 0.8
135 16  7.2 69.1  0.7 0.8
153 8 3.6
62.8 0.6
0.6
144 8 3.6
62.8 0.6
0.6
77 9 4.05
62.8 0.6
0.6
170 14  6.3 69.3  0.8 0.8
61 15 6.75
69.3 0.8
0.8
55 17 7.65
69.3 0.8
0.8
174 7 3.15
57.3 0.6
0.9
160 8 3.6
57.3 0.6
0.9
159 9 4.05
57.3 0.6
0.9
87 17 7.65
69.2 0.5
0.9
61 18 8.1
69.2 0.5
0.9
52 18 8.1
69.2 0.5
0.9
130 9 4.05
54.6 0.8
0.7
64 9 4.05
54.6 0.8
0.7
61 10 4.5
54.6 0.8
0.7
168 9 4.05
79 0.5  0.5
130 10  4.5 79  0.5 0.5
51 11 4.95
79 0.5  0.5
155 5 2.25
58.2 0.7
0.6
139 6 2.7
58.2 0.7
0.6
109 7 3.15
58.2 0.7
0.6
192 11  4.95 79.6  0.8 0.5
128 12  5.4 79.6  0.8 0.5
78 12 5.4
79.6 0.8
0.5
166 7 3.15
60.4 0.6
0.6
139 7 3.15
60.4 0.6
0.6
90 9 4.05
60.4 0.6
0.6
145 4 1.8
50.8 0.8
0.7
100 5 2.25
50.8 0.8
0.7
56 5 2.25
50.8 0.8
0.7
194 11  4.95 75.4  0.6 0.9
187 12  5.4 75.4  0.6 0.9
89 13 5.85
75.4 0.6
0.9
137 5 2.25
59.1 0.6
0.5
115 5 2.25
59.1 0.6
0.5
96 6 2.7
59.1 0.6
0.5
189 5 2.25
53.8 0.7
0.8
131 5 2.25
53.8 0.7
0.8
85 5 2.25
53.8 0.7
0.8
160 6 2.7
50 0.5  0.6
87 7 3.15
50 0.5  0.6
61 8 3.6
50 0.5  0.6
171 9 4.05
79.6 0.8
0.6
144 10  4.5 79.6  0.8 0.6
71 10 4.5
79.6 0.8
0.6
185 16  7.2 50.8  0.8 0.8
135 17  7.65 50.8  0.8 0.8
65 17 7.65
50.8 0.8
0.8
178 6 2.7
77.7 0.9
0.7
117 6 2.7
77.7 0.9
0.7
53 8 3.6
77.7 0.9
0.7
190 9 4.05
61.1 0.8
0.9
127 9 4.05
61.1 0.8
0.9
119 10  4.5 61.1  0.8 0.9
175 16  7.2 66.8  0.9 0.9
153 18  8.1 66.8  0.9 0.9
115 18  8.1 66.8  0.9 0.9
172 5 2.25
72.3 0.9
0.8
100 5 2.25
72.3 0.9
0.8
58 5 2.25
72.3 0.9
0.8
111 19  8.55 57.8  0.8 0.8
70 20 9
57.8 0.8
0.8
64 20 9
57.8 0.8
0.8
153 19  8.55 50  0.5 0.8
132 20  9 50 0.5
0.8
122 20  9 50 0.5
0.8
157 17  7.65 69.7  0.9 0.5
95 17 7.65
69.7 0.9
0.5
59 18 8.1
69.7 0.9
0.5
192 8 3.6
74.3 0.7
0.8
192 8 3.6
74.3 0.7
0.8
123 10  4.5 74.3  0.7 0.8
170 10  4.5 59.7  0.7 0.8
113 12  5.4 59.7  0.7 0.8
63 13 5.85
59.7 0.7
0.8
145 18  8.1 63.2  0.6 0.7
128 19  8.55 63.2  0.6 0.7
98 19 8.55
63.2 0.6
0.7
168 6 2.7
57.9 0.8
0.8
99 7 3.15
57.9 0.8
0.8
53 9 4.05
57.9 0.8
0.8
165 17  7.65 72.6  0.7 0.7
146 17  7.65 72.6  0.7 0.7
68 19 8.55
72.6 0.7
0.7
191 12  5.4 74.5  0.7 0.8
160 12  5.4 74.5  0.7 0.8
104 12  5.4 74.5  0.7 0.8
199 17  7.65 60.3  0.6 0.8
152 19  8.55 60.3  0.6 0.8
122 20  9 60.3  0.6 0.8
114 7 3.15
60.4 0.9
0.7
99 7 3.15
60.4 0.9
0.7
52 7 3.15
60.4 0.9
0.7
134 10  4.5 71.6  0.6 0.5
64 10 4.5
71.6 0.6
0.5
55 12 5.4
71.6 0.6
0.5
97 14 6.3
72.4 0.5
0.6
84 14 6.3
72.4 0.5
0.6
74 15 6.75
72.4 0.5
0.6
123 7 3.15
63.1 0.9
0.7
82 7 3.15
63.1 0.9
0.7
64 7 3.15
63.1 0.9
0.7
134 15  6.75 65.8  0.9 0.9
93 16 7.2
65.8 0.9
0.9
67 17 7.65
65.8 0.9
0.9
192 7 3.15
62.5 0.8
0.6
187 9 4.05
62.5 0.8
0.6
121 9 4.05
62.5 0.8
0.6
143 16  7.2 69.3  0.7 0.7
105 16  7.2 69.3  0.7 0.7
88 18 8.1
69.3 0.7
0.7
195 8 3.6
51 0.7  0.8
147 9 4.05
51 0.7  0.8
90 10 4.5
51 0.7  0.8
146 12  5.4 69.9  0.6 0.5
123 13  5.85 69.9  0.6 0.5
55 13 5.85
69.9 0.6
0.5
187 12  5.4 58.2  0.6 0.5
62 13 5.85
58.2 0.6
0.5
51 15 6.75
58.2 0.6
0.5
152 2 0.9
63.7 0.7
0.9
136 5 2.25
63.7 0.7
0.9
132 5 2.25
63.7 0.7
0.9
121 19  8.55 63.1  0.8 0.6
118 19  8.55 63.1  0.8 0.6
92 20 9
63.1 0.8
0.6
155 10  4.5 64.5  0.8 0.9
149 11  4.95 64.5  0.8 0.9
56 12 5.4
64.5 0.8
0.9
175 10  4.5 60.9  0.5 0.7
103 12  5.4 60.9  0.5 0.7
79 12 5.4
60.9 0.5
0.7
195 16  7.2 76.1  0.6 0.7
170 16  7.2 76.1  0.6 0.7
119 17  7.65 76.1  0.6 0.7
140 12  5.4 70  0.8 0.8
126 12  5.4 70  0.8 0.8
119 13  5.85 70  0.8 0.8
157 10  4.5 66.9  0.5 0.6
109 11  4.95 66.9  0.5 0.6
67 11 4.95
66.9 0.5
0.6
78 14 6.3
50.6 0.7
0.7
60 15 6.75
50.6 0.7
0.7
57 16 7.2
50.6 0.7
0.7
186 8 3.6
62.4 0.6
0.6
134 11  4.95 62.4  0.6 0.6
78 11 4.95
62.4 0.6
0.6
160 4 1.8
71.1 0.9
0.8
124 5 2.25
71.1 0.9
0.8
120 6 2.7
71.1 0.9
0.8
116 4 1.8
63.2 0.7
0.5
81 5 2.25
63.2 0.7
0.5
61 6 2.7
63.2 0.7
0.5
188 15  6.75 70.6  0.8 0.7
159 15  6.75 70.6  0.8 0.7
59 17 7.65
70.6 0.8
0.7
183 17  7.65 58.6  0.7 0.8
173 18  8.1 58.6  0.7 0.8
57 21 9.45
58.6 0.7
0.8
140 8 3.6
53.3 0.7
0.5
126 9 4.05
53.3 0.7
0.5
72 12 5.4
53.3 0.7
0.5
124 5 2.25
58.1 0.6
0.8
100 6 2.7
58.1 0.6
0.8
59 6 2.7
58.1 0.6
0.8
151 11  4.95 59.4  0.8 0.9
144 11  4.95 59.4  0.8 0.9
76 11 4.95
59.4 0.8
0.9
196 10  4.5 59.2  0.8 0.8
169 10  4.5 59.2  0.8 0.8
60 11 4.95
59.2 0.8
0.8
190 14  6.3 58.6  0.7 0.6
151 14  6.3 58.6  0.7 0.6
113 15  6.75 58.6  0.7 0.6
171 13  5.85 66  0.7 0.6
159 14  6.3 66  0.7 0.6
55 14 6.3
66 0.7  0.6
193 5 2.25
63.5 0.5
0.9
65 5 2.25
63.5 0.5
0.9
60 7 3.15
63.5 0.5
0.9
91 17 7.65
50.3 0.9
0.7
73 19 8.55
50.3 0.9
0.7
66 20 9
50.3 0.9
0.7
127 3 1.35
71.8 0.6
0.6
117 4 1.8
71.8 0.6
0.6
61 5 2.25
71.8 0.6
0.6
174 6 2.7
56.5 0.8
0.6
155 6 2.7
56.5 0.8
0.6
147 6 2.7
56.5 0.8
0.6
168 5 2.25
72.5 0.8
0.5
131 5 2.25
72.5 0.8
0.5
57 5 2.25
72.5 0.8
0.5
167 12  5.4 72.6  0.7 0.6
160 14  6.3 72.6  0.7 0.6
139 14  6.3 72.6  0.7 0.6
189 6 2.7
57.4 0.6
0.9
188 9 4.05
57.4 0.6
0.9
144 9 4.05
57.4 0.6
0.9
154 7 3.15
50.4 0.8
0.7
139 7 3.15
50.4 0.8
0.7
131 8 3.6
50.4 0.8
0.7
139 8 3.6
57.2 0.7
0.8
127 8 3.6
57.2 0.7
0.8
126 8 3.6
57.2 0.7
0.8
188 11  4.95 69.9  0.5 0.7
145 12  5.4 69.9  0.5 0.7
76 13 5.85
69.9 0.5
0.7
190 15  6.75 63.9  0.5 0.7
158 15  6.75 63.9  0.5 0.7
123 15  6.75 63.9  0.5 0.7
195 14  6.3 78.6  0.6 0.8
144 14  6.3 78.6  0.6 0.8
91 14 6.3
78.6 0.6
0.8
189 15  6.75 67.9  0.6 0.6
164 15  6.75 67.9  0.6 0.6
51 18 8.1
67.9 0.6
0.6
141 6 2.7
63.2 0.6
0.6
107 6 2.7
63.2 0.6
0.6
91 8 3.6
63.2 0.6
0.6
128 11  4.95 77.9  0.7 0.8
92 11 4.95
77.9 0.7
0.8
72 11 4.95
77.9 0.7
0.8
139 15  6.75 79.4  0.6 0.7
134 17  7.65 79.4  0.6 0.7
89 18 8.1
79.4 0.6
0.7
181 14  6.3 63.5  0.7 0.8
140 14  6.3 63.5  0.7 0.8
84 17 7.65
63.5 0.7
0.8
136 18  8.1 67.7  0.7 0.5
107 19  8.55 67.7  0.7 0.5
86 20 9
67.7 0.7
0.5
179 8 3.6
55.5 0.7
0.7
106 9 4.05
55.5 0.7
0.7
106 9 4.05
55.5 0.7
0.7
120 10  4.5 77.8  0.9 0.8
116 10  4.5 77.8  0.9 0.8
112 11  4.95 77.8  0.9 0.8
189 12  5.4 50.2  0.9 0.8
158 12  5.4 50.2  0.9 0.8
152 13  5.85 50.2  0.9 0.8
189 8 3.6
59.9 0.8
0.7
187 8 3.6
59.9 0.8
0.7
60 8 3.6
59.9 0.8
0.7
158 9 4.05
55.2 0.7
0.8
122 11  4.95 55.2  0.7 0.8
92 11 4.95
55.2 0.7
0.8
197 7 3.15
54.3 0.6
0.8
126 7 3.15
54.3 0.6
0.8
75 8 3.6
54.3 0.6
0.8
182 7 3.15
63.5 0.7
0.8
145 7 3.15
63.5 0.7
0.8
96 8 3.6
63.5 0.7
0.8
188 4 1.8
56.7 0.7
0.7
164 4 1.8
56.7 0.7
0.7
122 6 2.7
56.7 0.7
0.7
147 10  4.5 51.1  0.8 0.8
82 12 5.4
51.1 0.8
0.8
73 13 5.85
51.1 0.8
0.8
191 8 3.6
57.9 0.8
0.6
171 8 3.6
57.9 0.8
0.6
116 9 4.05
57.9 0.8
0.6
152 4 1.8
61.2 0.5
0.6
136 5 2.25
61.2 0.5
0.6
132 6 2.7
61.2 0.5
0.6
156 10  4.5 73.2  0.8 0.8
74 10 4.5
73.2 0.8
0.8
56 13 5.85
73.2 0.8
0.8
200 14  6.3 62.4  0.7 0.7
193 15  6.75 62.4  0.7 0.7
106 18  8.1 62.4  0.7 0.7
145 10  4.5 54.4  0.7 0.6
92 11 4.95
54.4 0.7
0.6
83 11 4.95
54.4 0.7
0.6
160 8 3.6
59.6 0.6
0.6
119 8 3.6
59.6 0.6
0.6
110 9 4.05
59.6 0.6
0.6
191 9 4.05
70.8 0.7
0.6
180 12  5.4 70.8  0.7 0.6
161 13  5.85 70.8  0.7 0.6
188 16  7.2 65.6  0.8 0.8
146 16  7.2 65.6  0.8 0.8
108 16  7.2 65.6  0.8 0.8
158 6 2.7
66.2 0.8
0.7
98 6 2.7
66.2 0.8
0.7
58 7 3.15
66.2 0.8
0.7
122 11  4.95 58.2  0.7 0.7
99 11 4.95
58.2 0.7
0.7
73 12 5.4
58.2 0.7
0.7
190 17  7.65 55.5  0.9 0.7
154 17  7.65 55.5  0.9 0.7
116 17  7.65 55.5  0.9 0.7
146 13  5.85 74.6  0.9 0.5
92 15 6.75
74.6 0.9
0.5
52 17 7.65
74.6 0.9
0.5
180 18  8.1 78.2  0.7 0.6
169 19  8.55 78.2  0.7 0.6
74 21 9.45
78.2 0.7
0.6
173 7 3.15
66.9 0.6
0.8
102 9 4.05
66.9 0.6
0.8
70 10 4.5
66.9 0.6
0.8
160 11  4.95 78.7  0.8 0.8
157 13  5.85 78.7  0.8 0.8
63 13 5.85
78.7 0.8
0.8
129 7 3.15
57.1 0.7
0.9
114 8 3.6
57.1 0.7
0.9
92 9 4.05
57.1 0.7
0.9
169 5 2.25
66 0.9  0.6
154 5 2.25
66 0.9  0.6
53 5 2.25
66 0.9  0.6
113 11  4.95 69.3  0.5 0.8
101 11  4.95 69.3  0.5 0.8
69 13 5.85
69.3 0.5
0.8
154 4 1.8
79.5 0.7
0.7
106 6 2.7
79.5 0.7
0.7
72 7 3.15
79.5 0.7
0.7
128 18  8.1 61.1  0.6 0.6
128 20  9 61.1  0.6 0.6
117 21  9.45 61.1  0.6 0.6
99 15 6.75
77.7 0.6
0.6
87 16 7.2
77.7 0.6
0.6
84 17 7.65
77.7 0.6
0.6
191 8 3.6
65 0.5  0.6
162 9 4.05
65 0.5  0.6
137 10  4.5 65  0.5 0.6
172 15  6.75 79.4  0.9 0.5
110 16  7.2 79.4  0.9 0.5
83 17 7.65
79.4 0.9
0.5
185 8 3.6
59.8 0.7
0.8
165 8 3.6
59.8 0.7
0.8
100 9 4.05
59.8 0.7
0.8
192 14  6.3 64.6  0.7 0.9
94 14 6.3
64.6 0.7
0.9
71 14 6.3
64.6 0.7
0.9
198 15  6.75 77.1  0.7 0.8
198 17  7.65 77.1  0.7 0.8
117 18  8.1 77.1  0.7 0.8
190 10  4.5 72.7  0.7 0.6
124 11  4.95 72.7  0.7 0.6
83 12 5.4
72.7 0.7
0.6
110 6 2.7
65.6 0.7
0.6
91 8 3.6
65.6 0.7
0.6
87 8 3.6
65.6 0.7
0.6
118 9 4.05
77.8 0.9
0.9
110 10  4.5 77.8  0.9 0.9
55 12 5.4
77.8 0.9
0.9
188 17  7.65 71.4  0.7 0.9
163 19  8.55 71.4  0.7 0.9
100 20  9 71.4  0.7 0.9
196 8 3.6
57.7 0.8
0.8
183 10  4.5 57.7  0.8 0.8
103 10  4.5 57.7  0.8 0.8
172 10  4.5 66.6  0.6 0.9
94 10 4.5
66.6 0.6
0.9
83 12 5.4
66.6 0.6
0.9
197 5 2.25
59.5 0.7
0.6
109 8 3.6
59.5 0.7
0.6
72 8 3.6
59.5 0.7
0.6
149 12  5.4 72.5  0.8 0.6
140 12  5.4 72.5  0.8 0.6
86 13 5.85
72.5 0.8
0.6
183 10  4.5 78.5  0.7 0.8
148 11  4.95 78.5  0.7 0.8
103 12  5.4 78.5  0.7 0.8
181 7 3.15
75.3 0.6
0.7
181 7 3.15
75.3 0.6
0.7
139 8 3.6
75.3 0.6
0.7
164 6 2.7
68.4 0.6
0.7
140 6 2.7
68.4 0.6
0.7
111 8 3.6
68.4 0.6
0.7
185 14  6.3 70.9  0.8 0.7
136 15  6.75 70.9  0.8 0.7
122 15  6.75 70.9  0.8 0.7
197 11  4.95 67.3  0.6 0.5
164 12  5.4 67.3  0.6 0.5
76 12 5.4
67.3 0.6
0.5
197 7 3.15
50.1 0.8
0.6
185 9 4.05
50.1 0.8
0.6
58 9 4.05
50.1 0.8
0.6
190 18  8.1 74.1  0.7 0.6
181 18  8.1 74.1  0.7 0.6
136 19  8.55 74.1  0.7 0.6
194 13  5.85 67.4  0.5 0.8
190 13  5.85 67.4  0.5 0.8
161 14  6.3 67.4  0.5 0.8
188 19  8.55 70.5  0.6 0.8
73 20 9
70.5 0.6
0.8
54 20 9
70.5 0.6
0.8
188 12  5.4 50.1  0.5 0.8
124 12  5.4 50.1  0.5 0.8
95 14 6.3
50.1 0.5
0.8
92 15 6.75
55.7 0.9
0.8
77 15 6.75
55.7 0.9
0.8
54 16 7.2
55.7 0.9
0.8
163 7 3.15
62.5 0.7
0.6
64 8 3.6
62.5 0.7
0.6
58 8 3.6
62.5 0.7
0.6
164 8 3.6
53.5 0.7
0.6
124 9 4.05
53.5 0.7
0.6
107 10  4.5 53.5  0.7 0.6
