4?DFJSP04
15 8 3
Operations vector:
8 7 6
5 7  9 5 6
9 5  4 6 4
3 6
Available machine quantity vector:
1 2 2
2 3  3 2 2
1 2  1 2 3
1 1  1 3 3
2 2  2 1 1
2 2  2 1 2
2 3  2 3 2
1 2  3 2 2
3 2  1 2 2
2 2  1 2 2
2 3  1 1 2
1 2  2 3 2
2 1  2 3 2
1 1  2 2 3
1 3  2 2 1
1 2  3 1 1
2 2  2 2 1
2 2  1 3 3
3 1
Available machine vector:
1 1 7
3 6  4 7 1
3 8  2 3 4
5 6  4 6 6
4 6  1 3 6
2 3  4 6 7
6 2  3 4 3
4 7  4 7 1
3 3  4 7 1
1 7  3 6 4
5 7  1 7 3
4 1  3 8 1
3 2  3 4 4
5 6  3 4 3
4 7  4 6 4
5 1  3 8 1
3 6  1 7 5
6 1  3 4 6
6 3  6 4 5
5 6  2 3 4
6 6  1 7 1
1 7  3 4 1
3 8  4 7 4
6 7  1 3 2
3 4  5 6 1
7 4  5 1 7
1 3  8 1 2
3 4  4 7 4
7 6  1 1 3
1 3  8 7 6
3 6  4 6 5
6 5  6 6 4
7 4  5 7 1
3 8  2 3 4
3 4  7 1
Data array:
174 5 2.25
67.7 0.5
0.7
108 5 2.25
67.7 0.5
0.7
95 6 2.7
67.7 0.5
0.7
103 6 2.7
58.7 0.6
0.7
94 6 2.7
58.7 0.6
0.7
69 6 2.7
58.7 0.6
0.7
122 10  4.5 51.3  0.5 0.8
85 10 4.5
51.3 0.5
0.8
56 11 4.95
51.3 0.5
0.8
169 1 0.45
78.9 0.6
0.7
169 2 0.9
78.9 0.6
0.7
150 2 0.9
78.9 0.6
0.7
177 6 2.7
76 0.8  0.6
161 7 3.15
76 0.8  0.6
150 8 3.6
76 0.8  0.6
186 1 0.45
61.2 0.9
0.7
184 2 0.9
61.2 0.9
0.7
119 3 1.35
61.2 0.9
0.7
195 4 1.8
63.3 0.7
0.6
186 5 2.25
63.3 0.7
0.6
95 6 2.7
63.3 0.7
0.6
164 8 3.6
61.3 0.7
0.9
161 8 3.6
61.3 0.7
0.9
122 9 4.05
61.3 0.7
0.9
132 8 3.6
67.8 0.6
0.9
125 9 4.05
67.8 0.6
0.9
100 9 4.05
67.8 0.6
0.9
185 7 3.15
53 0.5  0.6
170 9 4.05
53 0.5  0.6
64 10 4.5
53 0.5  0.6
182 3 1.35
50.1 0.8
0.6
170 4 1.8
50.1 0.8
0.6
72 4 1.8
50.1 0.8
0.6
160 1 0.45
74.4 0.6
0.7
109 3 1.35
74.4 0.6
0.7
108 3 1.35
74.4 0.6
0.7
189 7 3.15
59.6 0.6
0.8
165 8 3.6
59.6 0.6
0.8
132 8 3.6
59.6 0.6
0.8
180 3 1.35
71 0.6  0.8
146 5 2.25
71 0.6  0.8
135 7 3.15
71 0.6  0.8
168 7 3.15
55.9 0.8
0.6
144 7 3.15
55.9 0.8
0.6
106 8 3.6
55.9 0.8
0.6
199 6 2.7
66.8 0.6
0.9
182 7 3.15
66.8 0.6
0.9
155 7 3.15
66.8 0.6
0.9
127 1 0.45
59.3 0.5
0.8
81 3 1.35
59.3 0.5
0.8
76 3 1.35
59.3 0.5
0.8
167 2 0.9
74.8 0.9
0.9
128 2 0.9
74.8 0.9
0.9
120 2 0.9
74.8 0.9
0.9
159 7 3.15
78.7 0.9
0.5
156 8 3.6
78.7 0.9
0.5
101 8 3.6
78.7 0.9
0.5
124 1 0.45
63.1 0.7
0.6
83 1 0.45
63.1 0.7
0.6
73 1 0.45
63.1 0.7
0.6
141 5 2.25
74.5 0.9
0.8
130 7 3.15
74.5 0.9
0.8
103 8 3.6
74.5 0.9
0.8
186 1 0.45
65.1 0.6
0.7
161 1 0.45
65.1 0.6
0.7
56 2 0.9
65.1 0.6
0.7
165 6 2.7
79.3 0.8
0.8
122 7 3.15
79.3 0.8
0.8
56 8 3.6
79.3 0.8
0.8
191 2 0.9
78.1 0.5
0.6
165 2 0.9
78.1 0.5
0.6
99 4 1.8
78.1 0.5
0.6
160 2 0.9
76.9 0.7
0.8
153 2 0.9
76.9 0.7
0.8
52 4 1.8
76.9 0.7
0.8
158 8 3.6
51.9 0.8
0.6
158 8 3.6
51.9 0.8
0.6
147 8 3.6
51.9 0.8
0.6
154 3 1.35
58.4 0.8
0.8
113 3 1.35
58.4 0.8
0.8
61 4 1.8
58.4 0.8
0.8
115 1 0.45
55.2 0.7
0.8
64 2 0.9
55.2 0.7
0.8
53 2 0.9
55.2 0.7
0.8
149 1 0.45
62 0.5  0.7
99 1 0.45
62 0.5  0.7
97 1 0.45
62 0.5  0.7
196 2 0.9
61.8 0.9
0.5
122 4 1.8
61.8 0.9
0.5
119 4 1.8
61.8 0.9
0.5
134 1 0.45
57.8 0.7
0.8
132 2 0.9
57.8 0.7
0.8
75 3 1.35
57.8 0.7
0.8
197 8 3.6
63.4 0.6
0.9
189 8 3.6
63.4 0.6
0.9
165 8 3.6
63.4 0.6
0.9
66 2 0.9
69.8 0.9
0.6
55 2 0.9
69.8 0.9
0.6
54 3 1.35
69.8 0.9
0.6
151 3 1.35
72.5 0.7
0.7
135 5 2.25
72.5 0.7
0.7
130 6 2.7
72.5 0.7
0.7
145 1 0.45
76.5 0.7
0.6
115 1 0.45
76.5 0.7
0.6
50 4 1.8
76.5 0.7
0.6
122 2 0.9
72.7 0.6
0.5
100 2 0.9
72.7 0.6
0.5
67 3 1.35
72.7 0.6
0.5
115 4 1.8
72 0.9  0.6
59 5 2.25
72 0.9  0.6
58 5 2.25
72 0.9  0.6
174 7 3.15
60.4 0.9
0.6
136 7 3.15
60.4 0.9
0.6
122 8 3.6
60.4 0.9
0.6
179 5 2.25
71.4 0.7
0.6
105 7 3.15
71.4 0.7
0.6
102 7 3.15
71.4 0.7
0.6
152 1 0.45
50.5 0.6
0.7
143 2 0.9
50.5 0.6
0.7
109 3 1.35
50.5 0.6
0.7
161 3 1.35
64.4 0.7
0.6
122 3 1.35
64.4 0.7
0.6
67 6 2.7
64.4 0.7
0.6
143 2 0.9
67.9 0.6
0.8
69 2 0.9
67.9 0.6
0.8
68 3 1.35
67.9 0.6
0.8
184 5 2.25
69.1 0.5
0.9
168 5 2.25
69.1 0.5
0.9
111 6 2.7
69.1 0.5
0.9
140 4 1.8
52.7 0.9
0.5
133 5 2.25
52.7 0.9
0.5
128 6 2.7
52.7 0.9
0.5
121 9 4.05
57.3 0.8
0.8
114 10  4.5 57.3  0.8 0.8
92 10 4.5
57.3 0.8
0.8
173 1 0.45
57 0.7  0.5
122 2 0.9
57 0.7  0.5
122 2 0.9
57 0.7  0.5
179 6 2.7
76.5 0.6
0.9
172 7 3.15
76.5 0.6
0.9
151 8 3.6
76.5 0.6
0.9
175 6 2.7
58.5 0.7
0.6
159 7 3.15
58.5 0.7
0.6
138 8 3.6
58.5 0.7
0.6
199 6 2.7
66.7 0.6
0.6
141 8 3.6
66.7 0.6
0.6
94 9 4.05
66.7 0.6
0.6
187 2 0.9
72.4 0.8
0.8
175 4 1.8
72.4 0.8
0.8
96 4 1.8
72.4 0.8
0.8
143 5 2.25
50.5 0.7
0.6
102 5 2.25
50.5 0.7
0.6
53 7 3.15
50.5 0.7
0.6
123 8 3.6
60.2 0.6
0.7
83 9 4.05
60.2 0.6
0.7
70 11 4.95
60.2 0.6
0.7
174 2 0.9
61.3 0.5
0.9
91 2 0.9
61.3 0.5
0.9
53 3 1.35
61.3 0.5
0.9
169 4 1.8
66.2 0.8
0.7
159 4 1.8
66.2 0.8
0.7
128 4 1.8
66.2 0.8
0.7
176 8 3.6
56.8 0.5
0.9
174 10  4.5 56.8  0.5 0.9
87 10 4.5
56.8 0.5
0.9
193 9 4.05
67.9 0.7
0.6
190 9 4.05
67.9 0.7
0.6
102 9 4.05
67.9 0.7
0.6
156 8 3.6
57.1 0.6
0.7
152 9 4.05
57.1 0.6
0.7
69 10 4.5
57.1 0.6
0.7
181 6 2.7
79.8 0.7
0.6
114 8 3.6
79.8 0.7
0.6
90 8 3.6
79.8 0.7
0.6
196 7 3.15
50.3 0.8
0.8
161 7 3.15
50.3 0.8
0.8
63 8 3.6
50.3 0.8
0.8
138 1 0.45
75.2 0.8
0.8
99 2 0.9
75.2 0.8
0.8
62 4 1.8
75.2 0.8
0.8
194 1 0.45
54.2 0.9
0.9
155 2 0.9
54.2 0.9
0.9
124 2 0.9
54.2 0.9
0.9
136 7 3.15
65.1 0.6
0.6
135 8 3.6
65.1 0.6
0.6
105 9 4.05
65.1 0.6
0.6
138 4 1.8
56 0.7  0.6
97 4 1.8
56 0.7  0.6
71 6 2.7
56 0.7  0.6
151 7 3.15
64 0.5  0.6
110 8 3.6
64 0.5  0.6
99 9 4.05
64 0.5  0.6
190 1 0.45
67.1 0.5
0.8
115 1 0.45
67.1 0.5
0.8
71 4 1.8
67.1 0.5
0.8
187 1 0.45
79.5 0.6
0.9
126 1 0.45
79.5 0.6
0.9
122 1 0.45
79.5 0.6
0.9
139 4 1.8
55.7 0.9
0.6
86 4 1.8
55.7 0.9
0.6
51 5 2.25
55.7 0.9
0.6
191 1 0.45
73.8 0.9
0.8
177 2 0.9
73.8 0.9
0.8
93 2 0.9
73.8 0.9
0.8
185 3 1.35
60.1 0.6
0.7
178 3 1.35
60.1 0.6
0.7
143 3 1.35
60.1 0.6
0.7
153 1 0.45
76.7 0.7
0.6
136 2 0.9
76.7 0.7
0.6
135 3 1.35
76.7 0.7
0.6
138 6 2.7
56.1 0.6
0.7
135 8 3.6
56.1 0.6
0.7
86 8 3.6
56.1 0.6
0.7
185 1 0.45
60.5 0.8
0.8
153 2 0.9
60.5 0.8
0.8
69 3 1.35
60.5 0.8
0.8
129 3 1.35
69.7 0.8
0.8
95 4 1.8
69.7 0.8
0.8
57 7 3.15
69.7 0.8
0.8
155 5 2.25
64.2 0.6
0.5
124 8 3.6
64.2 0.6
0.5
110 8 3.6
64.2 0.6
0.5
168 7 3.15
62.7 0.8
0.8
154 9 4.05
62.7 0.8
0.8
101 9 4.05
62.7 0.8
0.8
198 8 3.6
76.1 0.7
0.7
126 9 4.05
76.1 0.7
0.7
59 10 4.5
76.1 0.7
0.7
160 7 3.15
71.6 0.9
0.8
92 9 4.05
71.6 0.9
0.8
87 10 4.5
71.6 0.9
0.8
176 7 3.15
78.5 0.6
0.7
85 8 3.6
78.5 0.6
0.7
53 8 3.6
78.5 0.6
0.7
193 4 1.8
56.1 0.8
0.7
133 7 3.15
56.1 0.8
0.7
84 7 3.15
56.1 0.8
0.7
101 1 0.45
67.9 0.7
0.6
78 2 0.9
67.9 0.7
0.6
62 3 1.35
67.9 0.7
0.6
119 5 2.25
73.9 0.8
0.8
61 6 2.7
73.9 0.8
0.8
57 8 3.6
73.9 0.8
0.8
122 9 4.05
50.6 0.5
0.6
71 9 4.05
50.6 0.5
0.6
70 11 4.95
50.6 0.5
0.6
192 5 2.25
78.3 0.6
0.8
139 5 2.25
78.3 0.6
0.8
88 6 2.7
78.3 0.6
0.8
192 6 2.7
74.1 0.7
0.5
179 6 2.7
74.1 0.7
0.5
121 7 3.15
74.1 0.7
0.5
178 5 2.25
77.8 0.6
0.6
132 8 3.6
77.8 0.6
0.6
90 8 3.6
77.8 0.6
0.6
161 7 3.15
76.9 0.7
0.7
85 7 3.15
76.9 0.7
0.7
60 8 3.6
76.9 0.7
0.7
158 5 2.25
59.3 0.6
0.9
100 7 3.15
59.3 0.6
0.9
86 9 4.05
59.3 0.6
0.9
176 1 0.45
68.4 0.7
0.7
137 1 0.45
68.4 0.7
0.7
70 2 0.9
68.4 0.7
0.7
172 1 0.45
72.8 0.8
0.6
156 3 1.35
72.8 0.8
0.6
74 5 2.25
72.8 0.8
0.6
194 1 0.45
74.1 0.6
0.8
186 1 0.45
74.1 0.6
0.8
95 2 0.9
74.1 0.6
0.8
118 5 2.25
65.8 0.6
0.5
96 7 3.15
65.8 0.6
0.5
95 8 3.6
65.8 0.6
0.5
136 4 1.8
60.4 0.8
0.5
125 5 2.25
60.4 0.8
0.5
56 6 2.7
60.4 0.8
0.5
170 6 2.7
74.2 0.6
0.8
147 6 2.7
74.2 0.6
0.8
128 8 3.6
74.2 0.6
0.8
177 3 1.35
75.1 0.7
0.6
135 4 1.8
75.1 0.7
0.6
124 7 3.15
75.1 0.7
0.6
159 7 3.15
62.6 0.5
0.7
109 8 3.6
62.6 0.5
0.7
67 8 3.6
62.6 0.5
0.7
188 2 0.9
50.6 0.6
0.6
163 3 1.35
50.6 0.6
0.6
151 4 1.8
50.6 0.6
0.6
167 1 0.45
75.6 0.6
0.7
160 3 1.35
75.6 0.6
0.7
157 3 1.35
75.6 0.6
0.7
184 6 2.7
76.8 0.8
0.8
175 7 3.15
76.8 0.8
0.8
112 8 3.6
76.8 0.8
0.8
182 1 0.45
75.9 0.8
0.5
146 1 0.45
75.9 0.8
0.5
118 2 0.9
75.9 0.8
0.5
170 1 0.45
76.4 0.8
0.8
90 1 0.45
76.4 0.8
0.8
64 2 0.9
76.4 0.8
0.8
175 5 2.25
79.9 0.9
0.7
155 6 2.7
79.9 0.9
0.7
72 7 3.15
79.9 0.9
0.7
145 8 3.6
76.8 0.9
0.6
82 8 3.6
76.8 0.9
0.6
75 9 4.05
76.8 0.9
0.6
143 5 2.25
53.7 0.9
0.8
126 6 2.7
53.7 0.9
0.8
81 7 3.15
53.7 0.9
0.8
187 5 2.25
61.9 0.6
0.6
92 6 2.7
61.9 0.6
0.6
71 6 2.7
61.9 0.6
0.6
169 9 4.05
59.9 0.6
0.9
83 10 4.5
59.9 0.6
0.9
57 10 4.5
59.9 0.6
0.9
157 1 0.45
67.1 0.5
0.8
153 1 0.45
67.1 0.5
0.8
133 2 0.9
67.1 0.5
0.8
113 3 1.35
53.4 0.7
0.6
100 4 1.8
53.4 0.7
0.6
83 6 2.7
53.4 0.7
0.6
188 8 3.6
75.1 0.8
0.8
127 8 3.6
75.1 0.8
0.8
61 9 4.05
75.1 0.8
0.8
132 8 3.6
65.6 0.6
0.6
110 9 4.05
65.6 0.6
0.6
80 10 4.5
65.6 0.6
0.6
186 6 2.7
78.7 0.8
0.9
183 9 4.05
78.7 0.8
0.9
101 9 4.05
78.7 0.8
0.9
166 1 0.45
74 0.7  0.8
102 1 0.45
74 0.7  0.8
64 2 0.9
74 0.7  0.8
118 4 1.8
50.7 0.8
0.7
116 4 1.8
50.7 0.8
0.7
80 4 1.8
50.7 0.8
0.7
162 7 3.15
66.6 0.8
0.8
88 7 3.15
66.6 0.8
0.8
63 8 3.6
66.6 0.8
0.8
166 1 0.45
61 0.7  0.6
157 2 0.9
61 0.7  0.6
148 2 0.9
61 0.7  0.6
199 3 1.35
66.5 0.9
0.6
155 3 1.35
66.5 0.9
0.6
70 3 1.35
66.5 0.9
0.6
197 6 2.7
69 0.5  0.5
177 7 3.15
69 0.5  0.5
58 8 3.6
69 0.5  0.5
172 6 2.7
76.5 0.5
0.8
80 6 2.7
76.5 0.5
0.8
75 9 4.05
76.5 0.5
0.8
119 3 1.35
59.2 0.6
0.6
77 4 1.8
59.2 0.6
0.6
70 4 1.8
59.2 0.6
0.6
148 1 0.45
79 0.7  0.7
146 1 0.45
79 0.7  0.7
89 4 1.8
79 0.7  0.7
153 8 3.6
64.5 0.5
0.7
127 8 3.6
64.5 0.5
0.7
85 8 3.6
64.5 0.5
0.7
155 4 1.8
62.5 0.7
0.6
132 6 2.7
62.5 0.7
0.6
86 6 2.7
62.5 0.7
0.6
171 6 2.7
58.9 0.9
0.7
97 7 3.15
58.9 0.9
0.7
89 7 3.15
58.9 0.9
0.7
175 5 2.25
78.9 0.8
0.7
94 7 3.15
78.9 0.8
0.7
55 7 3.15
78.9 0.8
0.7
181 2 0.9
50.8 0.8
0.6
158 2 0.9
50.8 0.8
0.6
93 2 0.9
50.8 0.8
0.6
176 4 1.8
67.7 0.6
0.8
132 7 3.15
67.7 0.6
0.8
66 7 3.15
67.7 0.6
0.8
151 7 3.15
73.8 0.8
0.8
99 7 3.15
73.8 0.8
0.8
91 8 3.6
73.8 0.8
0.8
130 5 2.25
79.6 0.7
0.6
128 7 3.15
79.6 0.7
0.6
104 8 3.6
79.6 0.7
0.6
194 8 3.6
68.5 0.9
0.6
185 9 4.05
68.5 0.9
0.6
142 9 4.05
68.5 0.9
0.6
172 7 3.15
74 0.6  0.6
125 8 3.6
74 0.6  0.6
89 8 3.6
74 0.6  0.6
173 8 3.6
56.1 0.7
0.8
162 10  4.5 56.1  0.7 0.8
76 10 4.5
56.1 0.7
0.8
173 9 4.05
68.8 0.6
0.7
170 10  4.5 68.8  0.6 0.7
62 10 4.5
68.8 0.6
0.7
195 4 1.8
58 0.9  0.5
164 6 2.7
58 0.9  0.5
116 6 2.7
58 0.9  0.5
135 2 0.9
54.3 0.8
0.8
108 3 1.35
54.3 0.8
0.8
96 4 1.8
54.3 0.8
0.8
138 2 0.9
58 0.6  0.5
137 2 0.9
58 0.6  0.5
95 3 1.35
58 0.6  0.5
167 7 3.15
53.2 0.5
0.7
148 8 3.6
53.2 0.5
0.7
108 9 4.05
53.2 0.5
0.7
126 1 0.45
76.2 0.7
0.6
83 3 1.35
76.2 0.7
0.6
79 3 1.35
76.2 0.7
0.6
198 4 1.8
75 0.6  0.8
150 4 1.8
75 0.6  0.8
101 6 2.7
75 0.6  0.8
182 2 0.9
51.2 0.6
0.8
175 2 0.9
51.2 0.6
0.8
75 4 1.8
51.2 0.6
0.8
194 1 0.45
61.1 0.8
0.7
150 6 2.7
61.1 0.8
0.7
107 6 2.7
61.1 0.8
0.7
171 2 0.9
51.6 0.9
0.7
165 2 0.9
51.6 0.9
0.7
157 2 0.9
51.6 0.9
0.7
128 5 2.25
62.6 0.8
0.9
52 5 2.25
62.6 0.8
0.9
51 6 2.7
62.6 0.8
0.9
189 7 3.15
61 0.6  0.7
168 7 3.15
61 0.6  0.7
92 8 3.6
61 0.6  0.7
189 5 2.25
65.8 0.5
0.9
158 6 2.7
65.8 0.5
0.9
73 7 3.15
65.8 0.5
0.9
195 9 4.05
77.1 0.8
0.9
187 9 4.05
77.1 0.8
0.9
128 9 4.05
77.1 0.8
0.9
188 8 3.6
71.8 0.5
0.8
131 9 4.05
71.8 0.5
0.8
121 9 4.05
71.8 0.5
0.8
126 8 3.6
76.9 0.6
0.7
124 9 4.05
76.9 0.6
0.7
71 9 4.05
76.9 0.6
0.7
115 2 0.9
55.2 0.6
0.7
88 3 1.35
55.2 0.6
0.7
58 5 2.25
55.2 0.6
0.7
122 2 0.9
53.1 0.6
0.5
75 2 0.9
53.1 0.6
0.5
63 4 1.8
53.1 0.6
0.5
152 1 0.45
77.3 0.6
0.8
130 1 0.45
77.3 0.6
0.8
121 2 0.9
77.3 0.6
0.8
181 7 3.15
78.4 0.6
0.6
94 7 3.15
78.4 0.6
0.6
79 8 3.6
78.4 0.6
0.6
159 6 2.7
56 0.9  0.9
119 8 3.6
56 0.9  0.9
59 8 3.6
56 0.9  0.9
87 1 0.45
66.1 0.8
0.7
71 1 0.45
66.1 0.8
0.7
56 1 0.45
66.1 0.8
0.7
191 3 1.35
61.3 0.7
0.7
160 4 1.8
61.3 0.7
0.7
145 5 2.25
61.3 0.7
0.7
172 6 2.7
53.7 0.9
0.9
161 6 2.7
53.7 0.9
0.9
121 6 2.7
53.7 0.9
0.9
154 4 1.8
62.7 0.7
0.6
146 4 1.8
62.7 0.7
0.6
112 5 2.25
62.7 0.7
0.6
178 6 2.7
73.1 0.9
0.7
151 7 3.15
73.1 0.9
0.7
113 8 3.6
73.1 0.9
0.7
157 1 0.45
64.8 0.5
0.8
106 1 0.45
64.8 0.5
0.8
64 2 0.9
64.8 0.5
0.8
172 1 0.45
59.6 0.5
0.5
100 2 0.9
59.6 0.5
0.5
81 3 1.35
59.6 0.5
0.5
107 5 2.25
58.5 0.7
0.6
104 5 2.25
58.5 0.7
0.6
66 5 2.25
58.5 0.7
0.6
178 4 1.8
79.3 0.7
0.9
129 5 2.25
79.3 0.7
0.9
109 6 2.7
79.3 0.7
0.9
186 7 3.15
50.5 0.9
0.6
108 7 3.15
50.5 0.9
0.6
99 9 4.05
50.5 0.9
0.6
184 2 0.9
78.7 0.5
0.7
70 3 1.35
78.7 0.5
0.7
54 3 1.35
78.7 0.5
0.7
200 9 4.05
70 0.6  0.8
95 9 4.05
70 0.6  0.8
70 9 4.05
70 0.6  0.8
194 8 3.6
58.7 0.9
0.8
146 9 4.05
58.7 0.9
0.8
142 10  4.5 58.7  0.9 0.8
97 8 3.6
57.4 0.5
0.7
75 10 4.5
57.4 0.5
0.7
66 11 4.95
57.4 0.5
0.7
180 3 1.35
63.4 0.7
0.9
117 3 1.35
63.4 0.7
0.9
112 4 1.8
63.4 0.7
0.9
134 1 0.45
50.3 0.7
0.5
101 3 1.35
50.3 0.7
0.5
51 3 1.35
50.3 0.7
0.5
195 7 3.15
65.4 0.8
0.5
175 8 3.6
65.4 0.8
0.5
150 9 4.05
65.4 0.8
0.5
170 1 0.45
76 0.6  0.7
112 2 0.9
76 0.6  0.7
51 4 1.8
76 0.6  0.7
169 3 1.35
63.8 0.6
0.9
167 4 1.8
63.8 0.6
0.9
143 4 1.8
63.8 0.6
0.9
180 1 0.45
62.9 0.7
0.5
123 2 0.9
62.9 0.7
0.5
70 2 0.9
62.9 0.7
0.5
184 5 2.25
75.2 0.7
0.8
155 7 3.15
75.2 0.7
0.8
104 7 3.15
75.2 0.7
0.8
