5?DFJSP05
15 4 3
Operations vector:
6 5 8
7 6  9 5 8
9 9  7 6 7
7 7
Available machine quantity vector:
2 2 2
1 2  2 1 2
1 2  2 2 2
2 2  2 1 2
2 2  2 2 1
2 2  1 2 2
2 1  2 2 1
2 1  2 2 1
2 2  2 1 2
2 2  1 2 1
2 2  1 1 2
2 2  1 2 2
1 2  2 2 1
2 2  2 2 2
1 1  1 2 2
2 2  1 1 1
2 1  1 2 2
1 2  1 2 2
2 2  2 2 2
2 2  2 2 2
1 1  2 2 1
2 2  2
Available machine vector:
2 3 1
4 1  2 3 2
4 1  4 3 1
2 4  2 4 1
2 3  4 2 3
1 4  1 4 1
2 4  1 2 3
4 1  4 3 4
1 4  4 1 2
2 4  4 1 3
2 4  3 4 3
2 3  1 2 4
2 4  3 1 3
2 4  4 1 2
1 4  1 4 3
3 4  1 2 2
4 3  1 3 3
3 4  1 4 3
4 3  4 1 2
2 3  4 2 4
1 2  4 1 4
1 4  1 2 3
1 2  1 4 1
4 3  4 1 2
3 3  4 2 4
1 2  1 4 1
2 3  4 3 3
4 4  3 3 4
1 2  3 1 4
4 3  4 1 4
2 4  2 4 1
2 1  3 1 2
1 3  1 4 1
2 1  4 2 4
4 3  1 4 3
4 3  2 4 1
2 1  2
Data array:
180 7 3.15
56.6 0.7
0.8
167 7 3.15
56.6 0.7
0.8
126 8 3.6
56.6 0.7
0.8
173 5 2.25
59.1 0.8
0.5
160 6 2.7
59.1 0.8
0.5
156 6 2.7
59.1 0.8
0.5
192 7 3.15
51.8 0.9
0.8
133 8 3.6
51.8 0.9
0.8
87 9 4.05
51.8 0.9
0.8
147 7 3.15
51.6 0.7
0.8
118 8 3.6
51.6 0.7
0.8
62 10 4.5
51.6 0.7
0.8
199 5 2.25
51.7 0.7
0.8
176 6 2.7
51.7 0.7
0.8
97 6 2.7
51.7 0.7
0.8
95 5 2.25
56.4 0.8
0.5
77 6 2.7
56.4 0.8
0.5
66 8 3.6
56.4 0.8
0.5
179 6 2.7
73.1 0.5
0.6
60 7 3.15
73.1 0.5
0.6
60 8 3.6
73.1 0.5
0.6
156 5 2.25
58.8 0.6
0.9
121 6 2.7
58.8 0.6
0.9
91 6 2.7
58.8 0.6
0.9
148 5 2.25
61.2 0.7
0.7
133 6 2.7
61.2 0.7
0.7
65 6 2.7
61.2 0.7
0.7
129 4 1.8
50.2 0.5
0.8
113 5 2.25
50.2 0.5
0.8
105 5 2.25
50.2 0.5
0.8
180 3 1.35
62.5 0.7
0.9
143 5 2.25
62.5 0.7
0.9
80 7 3.15
62.5 0.7
0.9
140 8 3.6
70.7 0.6
0.7
125 9 4.05
70.7 0.6
0.7
110 10  4.5 70.7  0.6 0.7
196 5 2.25
56.7 0.9
0.6
190 6 2.7
56.7 0.9
0.6
171 7 3.15
56.7 0.9
0.6
197 4 1.8
56.6 0.8
0.7
110 5 2.25
56.6 0.8
0.7
54 6 2.7
56.6 0.8
0.7
185 4 1.8
63.5 0.7
0.7
147 6 2.7
63.5 0.7
0.7
93 6 2.7
63.5 0.7
0.7
197 6 2.7
71.8 0.8
0.9
190 6 2.7
71.8 0.8
0.9
150 8 3.6
71.8 0.8
0.9
196 5 2.25
75.2 0.7
0.8
191 5 2.25
75.2 0.7
0.8
140 5 2.25
75.2 0.7
0.8
113 7 3.15
79.8 0.6
0.8
112 8 3.6
79.8 0.6
0.8
102 9 4.05
79.8 0.6
0.8
180 5 2.25
62.3 0.8
0.8
149 5 2.25
62.3 0.8
0.8
58 7 3.15
62.3 0.8
0.8
170 8 3.6
51.6 0.7
0.7
162 9 4.05
51.6 0.7
0.7
85 10 4.5
51.6 0.7
0.7
156 5 2.25
64.1 0.5
0.6
94 7 3.15
64.1 0.5
0.6
67 8 3.6
64.1 0.5
0.6
107 5 2.25
72.1 0.6
0.8
98 7 3.15
72.1 0.6
0.8
77 7 3.15
72.1 0.6
0.8
178 4 1.8
73.7 0.8
0.8
79 6 2.7
73.7 0.8
0.8
72 6 2.7
73.7 0.8
0.8
154 6 2.7
61 0.7  0.8
101 6 2.7
61 0.7  0.8
69 6 2.7
61 0.7  0.8
141 4 1.8
66.5 0.8
0.7
109 5 2.25
66.5 0.8
0.7
60 6 2.7
66.5 0.8
0.7
156 7 3.15
68.1 0.6
0.8
139 8 3.6
68.1 0.6
0.8
73 9 4.05
68.1 0.6
0.8
180 7 3.15
67.1 0.8
0.7
86 8 3.6
67.1 0.8
0.7
60 9 4.05
67.1 0.8
0.7
163 5 2.25
78.4 0.7
0.6
125 6 2.7
78.4 0.7
0.6
70 8 3.6
78.4 0.7
0.6
166 5 2.25
70.5 0.6
0.6
125 5 2.25
70.5 0.6
0.6
100 7 3.15
70.5 0.6
0.6
103 4 1.8
68.5 0.9
0.7
82 5 2.25
68.5 0.9
0.7
56 8 3.6
68.5 0.9
0.7
199 8 3.6
67.7 0.6
0.7
132 9 4.05
67.7 0.6
0.7
105 9 4.05
67.7 0.6
0.7
195 4 1.8
73 0.5  0.6
185 5 2.25
73 0.5  0.6
119 6 2.7
73 0.5  0.6
182 5 2.25
77.3 0.7
0.5
149 6 2.7
77.3 0.7
0.5
84 7 3.15
77.3 0.7
0.5
199 8 3.6
61.6 0.5
0.5
110 8 3.6
61.6 0.5
0.5
79 10 4.5
61.6 0.5
0.5
151 5 2.25
56.7 0.7
0.6
110 5 2.25
56.7 0.7
0.6
52 6 2.7
56.7 0.7
0.6
175 3 1.35
75.8 0.7
0.6
86 4 1.8
75.8 0.7
0.6
59 7 3.15
75.8 0.7
0.6
117 8 3.6
59.5 0.9
0.8
97 11 4.95
59.5 0.9
0.8
90 11 4.95
59.5 0.9
0.8
132 6 2.7
62.8 0.9
0.8
123 7 3.15
62.8 0.9
0.8
59 7 3.15
62.8 0.9
0.8
100 8 3.6
62.3 0.5
0.6
79 8 3.6
62.3 0.5
0.6
65 10 4.5
62.3 0.5
0.6
134 7 3.15
52.7 0.6
0.8
133 9 4.05
52.7 0.6
0.8
113 10  4.5 52.7  0.6 0.8
164 7 3.15
51 0.9  0.7
140 8 3.6
51 0.9  0.7
54 8 3.6
51 0.9  0.7
176 7 3.15
77.8 0.9
0.8
175 9 4.05
77.8 0.9
0.8
85 10 4.5
77.8 0.9
0.8
173 5 2.25
69.6 0.6
0.8
106 5 2.25
69.6 0.6
0.8
77 6 2.7
69.6 0.6
0.8
140 5 2.25
57.6 0.5
0.8
99 6 2.7
57.6 0.5
0.8
68 7 3.15
57.6 0.5
0.8
198 4 1.8
58.6 0.7
0.8
149 6 2.7
58.6 0.7
0.8
67 6 2.7
58.6 0.7
0.8
134 7 3.15
64.1 0.7
0.6
119 7 3.15
64.1 0.7
0.6
114 7 3.15
64.1 0.7
0.6
156 5 2.25
53.9 0.6
0.7
142 5 2.25
53.9 0.6
0.7
52 8 3.6
53.9 0.6
0.7
198 5 2.25
67.7 0.8
0.9
190 7 3.15
67.7 0.8
0.9
112 8 3.6
67.7 0.8
0.9
167 7 3.15
51.3 0.8
0.9
115 7 3.15
51.3 0.8
0.9
65 8 3.6
51.3 0.8
0.9
106 5 2.25
75.2 0.7
0.7
79 5 2.25
75.2 0.7
0.7
58 6 2.7
75.2 0.7
0.7
176 8 3.6
60.4 0.9
0.8
142 8 3.6
60.4 0.9
0.8
131 9 4.05
60.4 0.9
0.8
187 5 2.25
54.3 0.9
0.5
159 7 3.15
54.3 0.9
0.5
149 7 3.15
54.3 0.9
0.5
153 7 3.15
54.9 0.7
0.9
128 7 3.15
54.9 0.7
0.9
121 10  4.5 54.9  0.7 0.9
178 5 2.25
53.3 0.6
0.9
116 7 3.15
53.3 0.6
0.9
83 9 4.05
53.3 0.6
0.9
110 5 2.25
64 0.9  0.7
110 5 2.25
64 0.9  0.7
78 6 2.7
64 0.9  0.7
122 6 2.7
54.6 0.7
0.8
116 8 3.6
54.6 0.7
0.8
94 9 4.05
54.6 0.7
0.8
132 5 2.25
62.6 0.8
0.6
99 5 2.25
62.6 0.8
0.6
85 6 2.7
62.6 0.8
0.6
147 6 2.7
61.7 0.6
0.8
71 6 2.7
61.7 0.6
0.8
58 7 3.15
61.7 0.6
0.8
179 5 2.25
72.4 0.9
0.6
99 5 2.25
72.4 0.9
0.6
63 5 2.25
72.4 0.9
0.6
175 3 1.35
66.3 0.7
0.7
159 5 2.25
66.3 0.7
0.7
96 6 2.7
66.3 0.7
0.7
167 8 3.6
74.9 0.9
0.9
154 8 3.6
74.9 0.9
0.9
130 9 4.05
74.9 0.9
0.9
182 5 2.25
71.1 0.8
0.9
149 5 2.25
71.1 0.8
0.9
123 6 2.7
71.1 0.8
0.9
168 7 3.15
65.2 0.8
0.6
139 8 3.6
65.2 0.8
0.6
134 8 3.6
65.2 0.8
0.6
136 7 3.15
69.2 0.7
0.7
135 9 4.05
69.2 0.7
0.7
108 10  4.5 69.2  0.7 0.7
197 5 2.25
72.4 0.9
0.8
189 6 2.7
72.4 0.9
0.8
160 6 2.7
72.4 0.9
0.8
185 7 3.15
63.5 0.9
0.6
96 7 3.15
63.5 0.9
0.6
55 11 4.95
63.5 0.9
0.6
193 7 3.15
57.8 0.6
0.9
143 9 4.05
57.8 0.6
0.9
131 10  4.5 57.8  0.6 0.9
103 5 2.25
72.8 0.8
0.8
86 6 2.7
72.8 0.8
0.8
62 6 2.7
72.8 0.8
0.8
140 7 3.15
70.8 0.8
0.6
134 8 3.6
70.8 0.8
0.6
85 9 4.05
70.8 0.8
0.6
130 8 3.6
68.9 0.8
0.7
125 9 4.05
68.9 0.8
0.7
122 9 4.05
68.9 0.8
0.7
148 4 1.8
51.5 0.8
0.7
136 4 1.8
51.5 0.8
0.7
121 6 2.7
51.5 0.8
0.7
180 4 1.8
73.3 0.7
0.7
156 5 2.25
73.3 0.7
0.7
119 6 2.7
73.3 0.7
0.7
195 8 3.6
53.9 0.5
0.6
189 8 3.6
53.9 0.5
0.6
162 9 4.05
53.9 0.5
0.6
159 9 4.05
74.7 0.8
0.8
94 9 4.05
74.7 0.8
0.8
84 9 4.05
74.7 0.8
0.8
193 6 2.7
79.8 0.6
0.6
187 7 3.15
79.8 0.6
0.6
149 9 4.05
79.8 0.6
0.6
114 5 2.25
70.2 0.7
0.5
63 5 2.25
70.2 0.7
0.5
62 5 2.25
70.2 0.7
0.5
190 4 1.8
79.9 0.8
0.6
158 5 2.25
79.9 0.8
0.6
101 5 2.25
79.9 0.8
0.6
172 8 3.6
64.6 0.9
0.7
140 8 3.6
64.6 0.9
0.7
78 8 3.6
64.6 0.9
0.7
167 5 2.25
55.8 0.9
0.7
95 6 2.7
55.8 0.9
0.7
88 8 3.6
55.8 0.9
0.7
196 6 2.7
60 0.6  0.9
195 7 3.15
60 0.6  0.9
84 9 4.05
60 0.6  0.9
182 5 2.25
56.7 0.5
0.8
118 5 2.25
56.7 0.5
0.8
94 6 2.7
56.7 0.5
0.8
86 7 3.15
67.1 0.6
0.7
75 7 3.15
67.1 0.6
0.7
70 8 3.6
67.1 0.6
0.7
155 8 3.6
66.1 0.6
0.5
128 9 4.05
66.1 0.6
0.5
76 10 4.5
66.1 0.6
0.5
184 8 3.6
59.9 0.6
0.5
176 9 4.05
59.9 0.6
0.5
106 9 4.05
59.9 0.6
0.5
171 6 2.7
56 0.9  0.8
89 7 3.15
56 0.9  0.8
73 7 3.15
56 0.9  0.8
161 4 1.8
55.8 0.6
0.7
160 4 1.8
55.8 0.6
0.7
151 4 1.8
55.8 0.6
0.7
175 3 1.35
70.2 0.6
0.9
113 6 2.7
70.2 0.6
0.9
112 6 2.7
70.2 0.6
0.9
183 6 2.7
56.8 0.7
0.7
146 7 3.15
56.8 0.7
0.7
72 8 3.6
56.8 0.7
0.7
187 7 3.15
52.9 0.8
0.7
137 7 3.15
52.9 0.8
0.7
91 8 3.6
52.9 0.8
0.7
194 4 1.8
59.2 0.6
0.8
121 6 2.7
59.2 0.6
0.8
74 8 3.6
59.2 0.6
0.8
194 7 3.15
77.1 0.7
0.6
192 8 3.6
77.1 0.7
0.6
156 9 4.05
77.1 0.7
0.6
188 5 2.25
72 0.8  0.8
73 6 2.7
72 0.8  0.8
57 7 3.15
72 0.8  0.8
160 4 1.8
78.4 0.8
0.8
141 5 2.25
78.4 0.8
0.8
79 6 2.7
78.4 0.8
0.8
140 6 2.7
72.6 0.8
0.7
121 7 3.15
72.6 0.8
0.7
109 7 3.15
72.6 0.8
0.7
137 6 2.7
53.6 0.8
0.5
130 6 2.7
53.6 0.8
0.5
55 6 2.7
53.6 0.8
0.5
172 7 3.15
51.7 0.8
0.6
140 7 3.15
51.7 0.8
0.6
76 9 4.05
51.7 0.8
0.6
156 5 2.25
71.5 0.7
0.8
142 5 2.25
71.5 0.7
0.8
99 7 3.15
71.5 0.7
0.8
109 5 2.25
61.5 0.7
0.5
100 6 2.7
61.5 0.7
0.5
71 6 2.7
61.5 0.7
0.5
189 4 1.8
70.7 0.6
0.7
72 6 2.7
70.7 0.6
0.7
66 7 3.15
70.7 0.6
0.7
121 5 2.25
61.1 0.8
0.7
93 6 2.7
61.1 0.8
0.7
63 6 2.7
61.1 0.8
0.7
173 3 1.35
57.3 0.7
0.6
147 5 2.25
57.3 0.7
0.6
117 5 2.25
57.3 0.7
0.6
175 7 3.15
53.6 0.6
0.6
104 8 3.6
53.6 0.6
0.6
104 9 4.05
53.6 0.6
0.6
140 8 3.6
71.4 0.6
0.6
87 9 4.05
71.4 0.6
0.6
75 10 4.5
71.4 0.6
0.6
143 6 2.7
51.7 0.9
0.5
119 7 3.15
51.7 0.9
0.5
78 9 4.05
51.7 0.9
0.5
195 8 3.6
51.9 0.8
0.7
157 8 3.6
51.9 0.8
0.7
151 8 3.6
51.9 0.8
0.7
162 7 3.15
74.6 0.6
0.8
157 7 3.15
74.6 0.6
0.8
58 9 4.05
74.6 0.6
0.8
179 7 3.15
73.1 0.8
0.7
121 7 3.15
73.1 0.8
0.7
90 8 3.6
73.1 0.8
0.7
173 7 3.15
75.6 0.8
0.6
132 7 3.15
75.6 0.8
0.6
84 9 4.05
75.6 0.8
0.6
183 7 3.15
76.1 0.7
0.5
168 7 3.15
76.1 0.7
0.5
107 9 4.05
76.1 0.7
0.5
67 5 2.25
68.8 0.9
0.7
61 6 2.7
68.8 0.9
0.7
57 6 2.7
68.8 0.9
0.7
170 7 3.15
50.6 0.9
0.8
114 8 3.6
50.6 0.9
0.8
99 9 4.05
50.6 0.9
0.8
109 7 3.15
65.4 0.7
0.8
90 7 3.15
65.4 0.7
0.8
74 9 4.05
65.4 0.7
0.8
179 8 3.6
55.6 0.8
0.6
178 8 3.6
55.6 0.8
0.6
120 9 4.05
55.6 0.8
0.6
118 7 3.15
75.3 0.8
0.8
117 9 4.05
75.3 0.8
0.8
114 9 4.05
75.3 0.8
0.8
160 6 2.7
65.1 0.7
0.8
137 7 3.15
65.1 0.7
0.8
129 7 3.15
65.1 0.7
0.8
178 8 3.6
64.8 0.7
0.7
174 8 3.6
64.8 0.7
0.7
121 9 4.05
64.8 0.7
0.7
161 5 2.25
58.4 0.7
0.5
66 6 2.7
58.4 0.7
0.5
55 7 3.15
58.4 0.7
0.5
124 5 2.25
50.9 0.5
0.6
67 5 2.25
50.9 0.5
0.6
67 6 2.7
50.9 0.5
0.6
142 7 3.15
66.5 0.8
0.5
93 9 4.05
66.5 0.8
0.5
78 10 4.5
66.5 0.8
0.5
194 6 2.7
71.7 0.5
0.8
125 7 3.15
71.7 0.5
0.8
78 9 4.05
71.7 0.5
0.8
180 4 1.8
63.1 0.8
0.5
96 7 3.15
63.1 0.8
0.5
61 7 3.15
63.1 0.8
0.5
166 6 2.7
69.1 0.8
0.6
146 6 2.7
69.1 0.8
0.6
68 7 3.15
69.1 0.8
0.6
150 4 1.8
51.1 0.7
0.8
117 5 2.25
51.1 0.7
0.8
56 6 2.7
51.1 0.7
0.8
196 8 3.6
63 0.6  0.7
116 9 4.05
63 0.6  0.7
92 9 4.05
63 0.6  0.7
113 5 2.25
73.1 0.6
0.5
102 5 2.25
73.1 0.6
0.5
54 6 2.7
73.1 0.6
0.5
181 6 2.7
74.2 0.5
0.9
127 8 3.6
74.2 0.5
0.9
110 9 4.05
74.2 0.5
0.9
139 7 3.15
78.3 0.5
0.8
130 8 3.6
78.3 0.5
0.8
93 9 4.05
78.3 0.5
0.8
153 6 2.7
56.4 0.9
0.8
126 7 3.15
56.4 0.9
0.8
118 8 3.6
56.4 0.9
0.8
123 4 1.8
65.8 0.9
0.9
95 6 2.7
65.8 0.9
0.9
87 6 2.7
65.8 0.9
0.9
199 7 3.15
60.3 0.6
0.7
151 7 3.15
60.3 0.6
0.7
52 8 3.6
60.3 0.6
0.7
138 4 1.8
74.3 0.7
0.9
127 5 2.25
74.3 0.7
0.9
57 6 2.7
74.3 0.7
0.9
180 6 2.7
75.8 0.8
0.6
166 8 3.6
75.8 0.8
0.6
78 8 3.6
75.8 0.8
0.6
191 6 2.7
62.4 0.6
0.6
155 6 2.7
62.4 0.6
0.6
109 7 3.15
62.4 0.6
0.6
165 9 4.05
79.6 0.9
0.7
115 9 4.05
79.6 0.9
0.7
104 9 4.05
79.6 0.9
0.7
172 7 3.15
70.8 0.6
0.7
161 8 3.6
70.8 0.6
0.7
79 9 4.05
70.8 0.6
0.7
198 7 3.15
65.6 0.8
0.8
191 8 3.6
65.6 0.8
0.8
140 8 3.6
65.6 0.8
0.8
179 9 4.05
50.6 0.8
0.6
158 10  4.5 50.6  0.8 0.6
123 10  4.5 50.6  0.8 0.6
149 7 3.15
75.9 0.8
0.9
131 7 3.15
75.9 0.8
0.9
69 7 3.15
75.9 0.8
0.9
176 6 2.7
78.1 0.5
0.8
149 7 3.15
78.1 0.5
0.8
66 8 3.6
78.1 0.5
0.8
163 4 1.8
50 0.8  0.8
157 5 2.25
50 0.8  0.8
95 6 2.7
50 0.8  0.8
156 7 3.15
61 0.5  0.6
76 7 3.15
61 0.5  0.6
55 8 3.6
61 0.5  0.6
148 7 3.15
65.4 0.8
0.6
111 8 3.6
65.4 0.8
0.6
71 8 3.6
65.4 0.8
0.6
178 8 3.6
71.6 0.7
0.8
115 8 3.6
71.6 0.7
0.8
79 10 4.5
71.6 0.7
0.8
167 7 3.15
63.3 0.6
0.7
148 8 3.6
63.3 0.6
0.7
142 10  4.5 63.3  0.6 0.7
170 6 2.7
66.4 0.7
0.9
99 6 2.7
66.4 0.7
0.9
82 6 2.7
66.4 0.7
0.9
155 9 4.05
75.3 0.9
0.7
117 10  4.5 75.3  0.9 0.7
114 11  4.95 75.3  0.9 0.7
172 7 3.15
77.1 0.6
0.6
121 8 3.6
77.1 0.6
0.6
67 9 4.05
77.1 0.6
0.6
191 8 3.6
56.4 0.8
0.8
132 8 3.6
56.4 0.8
0.8
125 9 4.05
56.4 0.8
0.8
143 6 2.7
62.3 0.7
0.6
89 7 3.15
62.3 0.7
0.6
54 7 3.15
62.3 0.7
0.6
176 6 2.7
65.3 0.6
0.8
172 6 2.7
65.3 0.6
0.8
60 6 2.7
65.3 0.6
0.8
178 4 1.8
73.1 0.7
0.5
80 7 3.15
73.1 0.7
0.5
54 8 3.6
73.1 0.7
0.5
152 5 2.25
54.8 0.8
0.7
138 5 2.25
54.8 0.8
0.7
123 6 2.7
54.8 0.8
0.7
148 8 3.6
76.4 0.9
0.7
67 8 3.6
76.4 0.9
0.7
56 8 3.6
76.4 0.9
0.7
116 4 1.8
54.3 0.8
0.8
92 6 2.7
54.3 0.8
0.8
61 7 3.15
54.3 0.8
0.8
179 3 1.35
68.8 0.8
0.7
172 5 2.25
68.8 0.8
0.7
54 6 2.7
68.8 0.8
0.7
89 6 2.7
78.2 0.6
0.6
78 7 3.15
78.2 0.6
0.6
54 8 3.6
78.2 0.6
0.6
130 6 2.7
66.7 0.7
0.7
126 7 3.15
66.7 0.7
0.7
53 7 3.15
66.7 0.7
0.7
163 5 2.25
79.7 0.9
0.8
101 6 2.7
79.7 0.9
0.8
100 6 2.7
79.7 0.9
0.8
135 3 1.35
76.2 0.7
0.5
125 6 2.7
76.2 0.7
0.5
72 6 2.7
76.2 0.7
0.5
164 8 3.6
62 0.7  0.7
145 8 3.6
62 0.7  0.7
53 8 3.6
62 0.7  0.7
174 8 3.6
71.3 0.9
0.7
146 9 4.05
71.3 0.9
0.7
56 10 4.5
71.3 0.9
0.7
186 6 2.7
57.1 0.6
0.9
116 6 2.7
57.1 0.6
0.9
56 8 3.6
57.1 0.6
0.9
189 8 3.6
64.1 0.8
0.7
107 8 3.6
64.1 0.8
0.7
68 9 4.05
64.1 0.8
0.7
153 6 2.7
69.7 0.7
0.9
103 6 2.7
69.7 0.7
0.9
86 7 3.15
69.7 0.7
0.9
170 5 2.25
73.6 0.8
0.9
118 5 2.25
73.6 0.8
0.9
90 5 2.25
73.6 0.8
0.9
94 5 2.25
67.6 0.9
0.6
52 6 2.7
67.6 0.9
0.6
52 6 2.7
67.6 0.9
0.6
117 5 2.25
65.2 0.6
0.5
103 6 2.7
65.2 0.6
0.5
56 7 3.15
65.2 0.6
0.5
200 4 1.8
70.2 0.8
0.8
149 5 2.25
70.2 0.8
0.8
123 8 3.6
70.2 0.8
0.8
143 4 1.8
69.2 0.9
0.8
140 5 2.25
69.2 0.9
0.8
85 6 2.7
69.2 0.9
0.8
144 7 3.15
71.7 0.7
0.8
139 7 3.15
71.7 0.7
0.8
68 8 3.6
71.7 0.7
0.8
121 7 3.15
69.6 0.8
0.6
93 9 4.05
69.6 0.8
0.6
63 9 4.05
69.6 0.8
0.6
173 8 3.6
56.8 0.9
0.6
171 8 3.6
56.8 0.9
0.6
158 9 4.05
56.8 0.9
0.6
154 7 3.15
73.5 0.9
0.8
109 7 3.15
73.5 0.9
0.8
98 8 3.6
73.5 0.9
0.8
198 8 3.6
53.3 0.7
0.9
158 9 4.05
53.3 0.7
0.9
144 9 4.05
53.3 0.7
0.9
119 5 2.25
72.7 0.5
0.6
115 7 3.15
72.7 0.5
0.6
93 8 3.6
72.7 0.5
0.6
197 5 2.25
70.9 0.6
0.6
128 6 2.7
70.9 0.6
0.6
66 8 3.6
70.9 0.6
0.6
136 5 2.25
59.4 0.6
0.8
129 5 2.25
59.4 0.6
0.8
101 7 3.15
59.4 0.6
0.8
121 7 3.15
74.9 0.7
0.6
111 8 3.6
74.9 0.7
0.6
106 8 3.6
74.9 0.7
0.6
145 5 2.25
79.5 0.7
0.8
74 7 3.15
79.5 0.7
0.8
54 8 3.6
79.5 0.7
0.8
140 6 2.7
71.3 0.7
0.6
95 6 2.7
71.3 0.7
0.6
54 7 3.15
71.3 0.7
0.6
174 5 2.25
68.3 0.5
0.7
156 5 2.25
68.3 0.5
0.7
134 6 2.7
68.3 0.5
0.7
