8?DFJSP08
20 10 3
Operations vector:
10 12 14
10 12  10 12 11
14 11  11 10 11
11 11  11 13 11
10 10
Available machine quantity vector:
2 2 1
1 2  1 1 2
2 2  1 2 2
1 1  2 1 1
2 1  2 1 2
1 1  1 2 2
2 1  1 1 2
1 1  1 1 2
1 1  1 2 2
2 1  1 1 2
2 2  1 1 1
1 2  2 1 1
2 1  1 1 2
2 2  2 1 1
1 1  1 1 2
2 2  2 1 1
1 1  1 1 1
2 2  2 1 1
2 1  1 2 2
1 1  2 1 2
2 1  1 1 1
1 1  1 2 1
2 1  1 2 2
1 1  1 2 1
1 2  2 2 2
2 1  1 1 1
2 2  1 1 2
2 1  1 2 2
1 2  2 1 1
2 2  1 2 1
1 2  1 1 1
2 2  1 2 2
1 2  2 1 1
2 2  2 1 2
1 1  1 2 1
1 1  2 2 1
1 2  2 1 2
1 1  1 2 1
2 1  2 2 1
1 2  1 1 1
1 1  1 1 2
1 2  2 1 2
1 2  1 2 2
2 1  1 1 1
1 2  1 2 2
1 1
Available machine vector:
4 7 5
7 3  7 4 10
1 10  7 8 3
8 3  8 2 4
7 3  8 1 10
3 4  7 5 5
9 1  7 8 1
5 9  1 1 3
4 7  4 10 3
8 10  5 1 7
8 1  10 10 10
5 7  7 1 10
3 7  5 10 3
8 9  5 5 5
9 4  7 3 8
1 9  1 7 4
10 3  4 8 10
3 7  3 5 10
3 8  4 7 8
10 4  10 10 1
1 10  1 5 8
10 7  8 3 4
5 10  8 10 1
1 1  7 1 3
4 5  9 4 7
3 1  4 10 5
10 7  8 8 10
1 10  5 10 2
4 10  5 7 1
1 9  3 1 10
10 5  10 8 3
8 1  1 5 9
3 4  10 3 1
5 9  1 8 3
4 7  8 3 8
3 8  8 10 10
9 3  10 3 8
5 7  1 7 4
7 4  10 1 8
5 9  5 10 10
7 8  3 4 1
8 8  10 3 8
10 5  9 2 1
5 7  1 9 7
3 7  8 10 1
3 8  5 9 2
5 9  5 7 7
10 7  8 3 4
4 7  1 3 8
1 8  2 7 8
10 9  8 5 10
5 9  1 1 3
7 8  10 10 5
9 5  10 1 3
8 2  5 10 1
8 10  3 7 1
7 3  7 2 10
3 8  1 5 7
4 7  1 5 9
7 8  2 3 8
9 4  10 10 4
7 8  10 3 8
10 10  10 7 9
3 7  2 8 10
3 8  5 1
Data array:
181 5 2.25
54.3 0.7
0.8
107 6 2.7
54.3 0.7
0.8
94 6 2.7
54.3 0.7
0.8
117 17  7.65 54.9  0.6 0.7
79 19 8.55
54.9 0.6
0.7
56 19 8.55
54.9 0.6
0.7
190 6 2.7
72.5 0.7
0.7
144 9 4.05
72.5 0.7
0.7
117 9 4.05
72.5 0.7
0.7
174 6 2.7
58.4 0.6
0.7
103 6 2.7
58.4 0.6
0.7
98 6 2.7
58.4 0.6
0.7
155 18  8.1 73.6  0.5 0.5
128 18  8.1 73.6  0.5 0.5
56 19 8.55
73.6 0.5
0.5
152 14  6.3 66.8  0.7 0.7
73 14 6.3
66.8 0.7
0.7
51 16 7.2
66.8 0.7
0.7
122 5 2.25
71.3 0.6
0.7
98 5 2.25
71.3 0.6
0.7
67 5 2.25
71.3 0.6
0.7
175 10  4.5 76.7  0.8 0.8
76 13 5.85
76.7 0.8
0.8
71 13 5.85
76.7 0.8
0.8
171 9 4.05
61 0.6  0.9
118 10  4.5 61  0.6 0.9
58 11 4.95
61 0.6  0.9
99 18 8.1
72 0.8  0.8
92 18 8.1
72 0.8  0.8
79 19 8.55
72 0.8  0.8
137 7 3.15
77 0.8  0.6
59 10 4.5
77 0.8  0.6
50 10 4.5
77 0.8  0.6
186 18  8.1 64.5  0.7 0.8
165 19  8.55 64.5  0.7 0.8
110 20  9 64.5  0.7 0.8
181 10  4.5 72  0.5 0.5
88 11 4.95
72 0.5  0.5
63 11 4.95
72 0.5  0.5
193 9 4.05
65.7 0.7
0.8
174 10  4.5 65.7  0.7 0.8
86 10 4.5
65.7 0.7
0.8
162 3 1.35
69.6 0.8
0.5
133 5 2.25
69.6 0.8
0.5
70 5 2.25
69.6 0.8
0.5
185 10  4.5 62.7  0.7 0.5
102 12  5.4 62.7  0.7 0.5
96 13 5.85
62.7 0.7
0.5
119 5 2.25
62.2 0.7
0.8
115 6 2.7
62.2 0.7
0.8
108 7 3.15
62.2 0.7
0.8
180 4 1.8
56.9 0.8
0.5
118 5 2.25
56.9 0.8
0.5
89 5 2.25
56.9 0.8
0.5
150 17  7.65 68.4  0.6 0.8
139 18  8.1 68.4  0.6 0.8
90 19 8.55
68.4 0.6
0.8
169 4 1.8
66.3 0.8
0.8
124 5 2.25
66.3 0.8
0.8
94 5 2.25
66.3 0.8
0.8
126 12  5.4 57.7  0.8 0.6
79 12 5.4
57.7 0.8
0.6
55 13 5.85
57.7 0.8
0.6
139 10  4.5 64.6  0.8 0.6
102 11  4.95 64.6  0.8 0.6
64 11 4.95
64.6 0.8
0.6
178 19  8.55 71  0.6 0.8
143 20  9 71 0.6
0.8
114 20  9 71 0.6
0.8
160 15  6.75 76.4  0.7 0.7
94 15 6.75
76.4 0.7
0.7
89 16 7.2
76.4 0.7
0.7
177 17  7.65 69.4  0.6 0.7
74 18 8.1
69.4 0.6
0.7
64 20 9
69.4 0.6
0.7
158 14  6.3 71.3  0.8 0.6
108 14  6.3 71.3  0.8 0.6
65 16 7.2
71.3 0.8
0.6
166 8 3.6
75 0.7  0.5
139 8 3.6
75 0.7  0.5
116 8 3.6
75 0.7  0.5
142 13  5.85 60.9  0.6 0.6
123 14  6.3 60.9  0.6 0.6
90 15 6.75
60.9 0.6
0.6
194 3 1.35
66.2 0.9
0.5
71 6 2.7
66.2 0.9
0.5
53 7 3.15
66.2 0.9
0.5
136 18  8.1 63.1  0.7 0.5
80 18 8.1
63.1 0.7
0.5
53 21 9.45
63.1 0.7
0.5
191 9 4.05
73.5 0.7
0.5
78 9 4.05
73.5 0.7
0.5
53 10 4.5
73.5 0.7
0.5
189 18  8.1 67.4  0.8 0.6
138 19  8.55 67.4  0.8 0.6
51 20 9
67.4 0.8
0.6
194 15  6.75 50.6  0.7 0.9
169 17  7.65 50.6  0.7 0.9
139 18  8.1 50.6  0.7 0.9
189 12  5.4 60.5  0.7 0.6
171 13  5.85 60.5  0.7 0.6
96 13 5.85
60.5 0.7
0.6
157 3 1.35
51.6 0.6
0.9
108 3 1.35
51.6 0.6
0.9
87 4 1.8
51.6 0.6
0.9
194 18  8.1 61.4  0.9 0.7
149 19  8.55 61.4  0.9 0.7
105 19  8.55 61.4  0.9 0.7
123 9 4.05
69.5 0.6
0.6
85 9 4.05
69.5 0.6
0.6
76 10 4.5
69.5 0.6
0.6
193 18  8.1 72.2  0.7 0.6
187 18  8.1 72.2  0.7 0.6
137 21  9.45 72.2  0.7 0.6
172 5 2.25
64.8 0.7
0.8
148 6 2.7
64.8 0.7
0.8
69 6 2.7
64.8 0.7
0.8
163 16  7.2 55.5  0.9 0.9
149 18  8.1 55.5  0.9 0.9
60 19 8.55
55.5 0.9
0.9
181 4 1.8
51.8 0.6
0.8
139 4 1.8
51.8 0.6
0.8
90 5 2.25
51.8 0.6
0.8
184 12  5.4 71.5  0.9 0.8
117 12  5.4 71.5  0.9 0.8
66 14 6.3
71.5 0.9
0.8
160 4 1.8
55.4 0.5
0.8
99 4 1.8
55.4 0.5
0.8
93 6 2.7
55.4 0.5
0.8
178 12  5.4 78.4  0.7 0.7
126 12  5.4 78.4  0.7 0.7
54 12 5.4
78.4 0.7
0.7
186 9 4.05
73.8 0.9
0.7
175 10  4.5 73.8  0.9 0.7
126 10  4.5 73.8  0.9 0.7
168 9 4.05
74.3 0.7
0.9
155 10  4.5 74.3  0.7 0.9
107 10  4.5 74.3  0.7 0.9
155 7 3.15
75.7 0.7
0.8
95 7 3.15
75.7 0.7
0.8
56 9 4.05
75.7 0.7
0.8
158 9 4.05
53.9 0.7
0.7
130 9 4.05
53.9 0.7
0.7
126 10  4.5 53.9  0.7 0.7
128 19  8.55 56.5  0.7 0.9
112 19  8.55 56.5  0.7 0.9
62 20 9
56.5 0.7
0.9
169 9 4.05
60.1 0.8
0.6
141 10  4.5 60.1  0.8 0.6
67 12 5.4
60.1 0.8
0.6
180 18  8.1 52.2  0.5 0.7
78 18 8.1
52.2 0.5
0.7
72 20 9
52.2 0.5
0.7
174 18  8.1 79.1  0.8 0.6
119 18  8.1 79.1  0.8 0.6
111 19  8.55 79.1  0.8 0.6
190 10  4.5 50.7  0.6 0.8
140 10  4.5 50.7  0.6 0.8
52 11 4.95
50.7 0.6
0.8
113 6 2.7
76.8 0.8
0.7
93 6 2.7
76.8 0.8
0.7
72 8 3.6
76.8 0.8
0.7
195 6 2.7
75.6 0.6
0.9
130 7 3.15
75.6 0.6
0.9
62 10 4.5
75.6 0.6
0.9
122 13  5.85 60.7  0.6 0.5
111 14  6.3 60.7  0.6 0.5
66 16 7.2
60.7 0.6
0.5
187 10  4.5 72.7  0.9 0.9
122 11  4.95 72.7  0.9 0.9
81 13 5.85
72.7 0.9
0.9
190 17  7.65 62.3  0.7 0.9
190 18  8.1 62.3  0.7 0.9
58 20 9
62.3 0.7
0.9
195 13  5.85 54.3  0.6 0.6
74 14 6.3
54.3 0.6
0.6
53 16 7.2
54.3 0.6
0.6
93 13 5.85
57.5 0.8
0.6
86 13 5.85
57.5 0.8
0.6
57 14 6.3
57.5 0.8
0.6
190 6 2.7
57.9 0.7
0.9
182 6 2.7
57.9 0.7
0.9
162 7 3.15
57.9 0.7
0.9
159 13  5.85 53.6  0.7 0.6
106 13  5.85 53.6  0.7 0.6
79 15 6.75
53.6 0.7
0.6
180 10  4.5 63.6  0.5 0.8
110 11  4.95 63.6  0.5 0.8
91 12 5.4
63.6 0.5
0.8
177 8 3.6
71.7 0.6
0.7
62 9 4.05
71.7 0.6
0.7
56 9 4.05
71.7 0.6
0.7
120 10  4.5 77.4  0.6 0.7
80 11 4.95
77.4 0.6
0.7
65 12 5.4
77.4 0.6
0.7
175 8 3.6
68 0.6  0.5
123 9 4.05
68 0.6  0.5
82 10 4.5
68 0.6  0.5
162 7 3.15
76.7 0.6
0.7
110 9 4.05
76.7 0.6
0.7
56 9 4.05
76.7 0.6
0.7
112 12  5.4 74.2  0.9 0.5
78 14 6.3
74.2 0.9
0.5
69 14 6.3
74.2 0.9
0.5
148 5 2.25
62.1 0.7
0.7
141 5 2.25
62.1 0.7
0.7
64 6 2.7
62.1 0.7
0.7
112 5 2.25
74.6 0.8
0.7
88 6 2.7
74.6 0.8
0.7
52 6 2.7
74.6 0.8
0.7
173 18  8.1 62.5  0.9 0.7
134 18  8.1 62.5  0.9 0.7
101 19  8.55 62.5  0.9 0.7
193 10  4.5 74.1  0.7 0.7
187 11  4.95 74.1  0.7 0.7
133 12  5.4 74.1  0.7 0.7
175 9 4.05
54.2 0.8
0.5
110 9 4.05
54.2 0.8
0.5
51 11 4.95
54.2 0.8
0.5
157 9 4.05
62.8 0.6
0.8
113 10  4.5 62.8  0.6 0.8
96 10 4.5
62.8 0.6
0.8
192 10  4.5 75.8  0.6 0.8
181 10  4.5 75.8  0.6 0.8
81 12 5.4
75.8 0.6
0.8
173 6 2.7
71.9 0.9
0.5
72 6 2.7
71.9 0.9
0.5
68 7 3.15
71.9 0.9
0.5
114 14  6.3 77.8  0.8 0.5
104 14  6.3 77.8  0.8 0.5
101 14  6.3 77.8  0.8 0.5
191 3 1.35
54.4 0.7
0.8
170 5 2.25
54.4 0.7
0.8
158 5 2.25
54.4 0.7
0.8
158 11  4.95 75.1  0.9 0.7
88 12 5.4
75.1 0.9
0.7
54 13 5.85
75.1 0.9
0.7
84 15 6.75
52.1 0.7
0.7
82 15 6.75
52.1 0.7
0.7
53 15 6.75
52.1 0.7
0.7
118 18  8.1 56.8  0.8 0.5
96 19 8.55
56.8 0.8
0.5
88 19 8.55
56.8 0.8
0.5
135 18  8.1 62.3  0.5 0.7
108 18  8.1 62.3  0.5 0.7
107 19  8.55 62.3  0.5 0.7
182 18  8.1 57.4  0.9 0.8
173 19  8.55 57.4  0.9 0.8
78 20 9
57.4 0.9
0.8
151 15  6.75 54.2  0.8 0.7
145 15  6.75 54.2  0.8 0.7
108 15  6.75 54.2  0.8 0.7
195 13  5.85 70.2  0.6 0.6
65 14 6.3
70.2 0.6
0.6
59 14 6.3
70.2 0.6
0.6
160 18  8.1 79.6  0.6 0.7
140 21  9.45 79.6  0.6 0.7
131 21  9.45 79.6  0.6 0.7
148 8 3.6
78.5 0.8
0.7
121 9 4.05
78.5 0.8
0.7
53 10 4.5
78.5 0.8
0.7
197 18  8.1 74.8  0.7 0.8
177 19  8.55 74.8  0.7 0.8
114 20  9 74.8  0.7 0.8
181 5 2.25
64.2 0.8
0.9
128 6 2.7
64.2 0.8
0.9
69 7 3.15
64.2 0.8
0.9
167 10  4.5 56.2  0.5 0.6
159 11  4.95 56.2  0.5 0.6
70 13 5.85
56.2 0.5
0.6
189 4 1.8
73.5 0.7
0.8
152 5 2.25
73.5 0.7
0.8
145 5 2.25
73.5 0.7
0.8
116 17  7.65 69.6  0.7 0.6
104 17  7.65 69.6  0.7 0.6
71 19 8.55
69.6 0.7
0.6
156 11  4.95 69.8  0.7 0.7
128 12  5.4 69.8  0.7 0.7
67 15 6.75
69.8 0.7
0.7
164 8 3.6
65.7 0.8
0.7
147 8 3.6
65.7 0.8
0.7
90 10 4.5
65.7 0.8
0.7
200 4 1.8
51.3 0.7
0.8
181 5 2.25
51.3 0.7
0.8
152 5 2.25
51.3 0.7
0.8
164 12  5.4 57.6  0.5 0.7
116 12  5.4 57.6  0.5 0.7
86 12 5.4
57.6 0.5
0.7
119 17  7.65 71.8  0.9 0.6
100 18  8.1 71.8  0.9 0.6
60 19 8.55
71.8 0.9
0.6
141 7 3.15
73.4 0.6
0.5
79 8 3.6
73.4 0.6
0.5
79 8 3.6
73.4 0.6
0.5
152 9 4.05
68.1 0.8
0.9
150 9 4.05
68.1 0.8
0.9
127 10  4.5 68.1  0.8 0.9
112 18  8.1 62.5  0.7 0.6
83 18 8.1
62.5 0.7
0.6
70 19 8.55
62.5 0.7
0.6
154 6 2.7
70.8 0.8
0.7
135 7 3.15
70.8 0.8
0.7
115 7 3.15
70.8 0.8
0.7
176 8 3.6
56 0.9  0.6
143 8 3.6
56 0.9  0.6
76 9 4.05
56 0.9  0.6
191 12  5.4 74.9  0.6 0.8
142 14  6.3 74.9  0.6 0.8
100 17  7.65 74.9  0.6 0.8
159 9 4.05
51.6 0.8
0.5
118 10  4.5 51.6  0.8 0.5
93 10 4.5
51.6 0.8
0.5
118 8 3.6
77.6 0.8
0.7
101 10  4.5 77.6  0.8 0.7
99 12 5.4
77.6 0.8
0.7
197 19  8.55 74  0.7 0.5
156 20  9 74 0.7
0.5
142 20  9 74 0.7
0.5
128 14  6.3 68.5  0.7 0.7
66 15 6.75
68.5 0.7
0.7
63 15 6.75
68.5 0.7
0.7
199 19  8.55 69.6  0.6 0.8
146 19  8.55 69.6  0.6 0.8
106 20  9 69.6  0.6 0.8
126 7 3.15
78.3 0.8
0.6
60 7 3.15
78.3 0.8
0.6
59 8 3.6
78.3 0.8
0.6
115 13  5.85 76.4  0.6 0.8
95 14 6.3
76.4 0.6
0.8
69 15 6.75
76.4 0.6
0.8
142 16  7.2 63.6  0.6 0.5
141 18  8.1 63.6  0.6 0.5
86 18 8.1
63.6 0.6
0.5
168 18  8.1 72.6  0.7 0.8
164 18  8.1 72.6  0.7 0.8
150 19  8.55 72.6  0.7 0.8
165 19  8.55 61.7  0.7 0.5
147 19  8.55 61.7  0.7 0.5
62 19 8.55
61.7 0.7
0.5
173 9 4.05
57.6 0.7
0.6
171 10  4.5 57.6  0.7 0.6
165 12  5.4 57.6  0.7 0.6
161 8 3.6
54.4 0.8
0.5
132 10  4.5 54.4  0.8 0.5
71 10 4.5
54.4 0.8
0.5
153 12  5.4 73.7  0.9 0.6
132 15  6.75 73.7  0.9 0.6
104 15  6.75 73.7  0.9 0.6
139 8 3.6
57.9 0.9
0.8
86 11 4.95
57.9 0.9
0.8
83 11 4.95
57.9 0.9
0.8
159 14  6.3 75.3  0.8 0.7
139 15  6.75 75.3  0.8 0.7
87 16 7.2
75.3 0.8
0.7
137 18  8.1 63.1  0.6 0.9
133 19  8.55 63.1  0.6 0.9
113 19  8.55 63.1  0.6 0.9
145 13  5.85 63.6  0.6 0.8
134 14  6.3 63.6  0.6 0.8
119 15  6.75 63.6  0.6 0.8
182 4 1.8
59.8 0.7
0.6
91 5 2.25
59.8 0.7
0.6
87 6 2.7
59.8 0.7
0.6
197 3 1.35
55.4 0.6
0.8
157 4 1.8
55.4 0.6
0.8
129 7 3.15
55.4 0.6
0.8
147 16  7.2 75.1  0.5 0.8
146 17  7.65 75.1  0.5 0.8
53 19 8.55
75.1 0.5
0.8
188 18  8.1 57.1  0.7 0.7
178 19  8.55 57.1  0.7 0.7
53 19 8.55
57.1 0.7
0.7
153 18  8.1 74.5  0.8 0.8
87 19 8.55
74.5 0.8
0.8
79 20 9
74.5 0.8
0.8
167 3 1.35
70.4 0.6
0.9
161 4 1.8
70.4 0.6
0.9
148 6 2.7
70.4 0.6
0.9
178 10  4.5 71.7  0.6 0.9
165 12  5.4 71.7  0.6 0.9
80 14 6.3
71.7 0.6
0.9
181 9 4.05
71.5 0.9
0.9
128 9 4.05
71.5 0.9
0.9
72 10 4.5
71.5 0.9
0.9
167 18  8.1 76.6  0.7 0.7
147 20  9 76.6  0.7 0.7
113 21  9.45 76.6  0.7 0.7
134 8 3.6
77.4 0.5
0.9
115 10  4.5 77.4  0.5 0.9
72 12 5.4
77.4 0.5
0.9
197 19  8.55 64.7  0.6 0.8
183 20  9 64.7  0.6 0.8
106 21  9.45 64.7  0.6 0.8
178 13  5.85 71.2  0.9 0.5
133 14  6.3 71.2  0.9 0.5
115 14  6.3 71.2  0.9 0.5
148 8 3.6
56.3 0.6
0.7
145 9 4.05
56.3 0.6
0.7
140 9 4.05
56.3 0.6
0.7
194 17  7.65 64.7  0.8 0.8
180 18  8.1 64.7  0.8 0.8
133 20  9 64.7  0.8 0.8
151 19  8.55 71.7  0.8 0.6
147 20  9 71.7  0.8 0.6
126 20  9 71.7  0.8 0.6
94 7 3.15
65.5 0.6
0.8
92 7 3.15
65.5 0.6
0.8
84 8 3.6
65.5 0.6
0.8
179 13  5.85 78.7  0.8 0.9
123 14  6.3 78.7  0.8 0.9
66 15 6.75
78.7 0.8
0.9
126 4 1.8
69.8 0.9
0.8
103 5 2.25
69.8 0.9
0.8
72 5 2.25
69.8 0.9
0.8
185 4 1.8
76.5 0.8
0.8
183 6 2.7
76.5 0.8
0.8
134 6 2.7
76.5 0.8
0.8
178 11  4.95 56.8  0.6 0.8
127 12  5.4 56.8  0.6 0.8
89 12 5.4
56.8 0.6
0.8
103 8 3.6
74.3 0.7
0.6
86 8 3.6
74.3 0.7
0.6
86 9 4.05
74.3 0.7
0.6
139 6 2.7
66.1 0.8
0.6
136 6 2.7
66.1 0.8
0.6
53 9 4.05
66.1 0.8
0.6
189 15  6.75 68.4  0.9 0.6
176 16  7.2 68.4  0.9 0.6
106 17  7.65 68.4  0.9 0.6
162 6 2.7
57 0.7  0.8
113 8 3.6
57 0.7  0.8
78 8 3.6
57 0.7  0.8
150 10  4.5 66.3  0.7 0.6
136 12  5.4 66.3  0.7 0.6
92 12 5.4
66.3 0.7
0.6
192 18  8.1 55.8  0.7 0.6
154 20  9 55.8  0.7 0.6
131 20  9 55.8  0.7 0.6
141 8 3.6
56 0.9  0.8
124 10  4.5 56  0.9 0.8
120 10  4.5 56  0.9 0.8
164 16  7.2 50.1  0.5 0.6
93 17 7.65
50.1 0.5
0.6
81 18 8.1
50.1 0.5
0.6
181 17  7.65 74.1  0.9 0.6
107 19  8.55 74.1  0.9 0.6
80 21 9.45
74.1 0.9
0.6
174 6 2.7
63.2 0.5
0.7
159 8 3.6
63.2 0.5
0.7
124 10  4.5 63.2  0.5 0.7
199 14  6.3 57.9  0.7 0.9
92 14 6.3
57.9 0.7
0.9
50 14 6.3
57.9 0.7
0.9
161 17  7.65 77.3  0.7 0.8
113 18  8.1 77.3  0.7 0.8
107 19  8.55 77.3  0.7 0.8
188 11  4.95 55.6  0.8 0.7
170 11  4.95 55.6  0.8 0.7
77 12 5.4
55.6 0.8
0.7
133 10  4.5 55.3  0.8 0.6
102 10  4.5 55.3  0.8 0.6
82 10 4.5
55.3 0.8
0.6
195 6 2.7
57.2 0.8
0.7
172 7 3.15
57.2 0.8
0.7
142 8 3.6
57.2 0.8
0.7
108 8 3.6
75.3 0.9
0.5
96 9 4.05
75.3 0.9
0.5
80 10 4.5
75.3 0.9
0.5
144 13  5.85 56  0.5 0.9
85 14 6.3
56 0.5  0.9
63 16 7.2
56 0.5  0.9
144 4 1.8
71.8 0.6
0.9
70 5 2.25
71.8 0.6
0.9
68 7 3.15
71.8 0.6
0.9
194 15  6.75 68.4  0.5 0.7
94 16 7.2
68.4 0.5
0.7
77 17 7.65
68.4 0.5
0.7
138 19  8.55 75  0.5 0.8
70 19 8.55
75 0.5  0.8
55 19 8.55
75 0.5  0.8
194 17  7.65 53.1  0.7 0.9
190 18  8.1 53.1  0.7 0.9
138 19  8.55 53.1  0.7 0.9
133 17  7.65 60.2  0.9 0.8
118 19  8.55 60.2  0.9 0.8
77 19 8.55
60.2 0.9
0.8
171 19  8.55 75  0.7 0.7
117 19  8.55 75  0.7 0.7
68 20 9
75 0.7  0.7
174 14  6.3 59.6  0.7 0.8
84 14 6.3
59.6 0.7
0.8
60 14 6.3
59.6 0.7
0.8
181 3 1.35
73 0.7  0.6
115 4 1.8
73 0.7  0.6
74 5 2.25
73 0.7  0.6
197 9 4.05
68.7 0.7
0.6
158 9 4.05
68.7 0.7
0.6
69 10 4.5
68.7 0.7
0.6
159 17  7.65 77.4  0.7 0.7
112 18  8.1 77.4  0.7 0.7
82 18 8.1
77.4 0.7
0.7
110 14  6.3 77.9  0.7 0.8
103 15  6.75 77.9  0.7 0.8
68 16 7.2
77.9 0.7
0.8
177 18  8.1 51.7  0.7 0.6
129 20  9 51.7  0.7 0.6
99 21 9.45
51.7 0.7
0.6
157 10  4.5 79  0.6 0.8
136 10  4.5 79  0.6 0.8
58 11 4.95
79 0.6  0.8
72 18 8.1
67.2 0.7
0.7
58 19 8.55
67.2 0.7
0.7
54 20 9
67.2 0.7
0.7
120 4 1.8
59.5 0.8
0.8
60 5 2.25
59.5 0.8
0.8
54 5 2.25
59.5 0.8
0.8
161 10  4.5 55.1  0.9 0.6
96 11 4.95
55.1 0.9
0.6
92 11 4.95
55.1 0.9
0.6
129 10  4.5 65.5  0.9 0.7
102 10  4.5 65.5  0.9 0.7
82 12 5.4
65.5 0.9
0.7
179 8 3.6
54 0.7  0.6
172 9 4.05
54 0.7  0.6
146 10  4.5 54  0.7 0.6
197 13  5.85 79.9  0.7 0.7
184 13  5.85 79.9  0.7 0.7
67 16 7.2
79.9 0.7
0.7
166 9 4.05
77.4 0.8
0.8
108 10  4.5 77.4  0.8 0.8
52 11 4.95
77.4 0.8
0.8
140 10  4.5 70.3  0.7 0.7
133 10  4.5 70.3  0.7 0.7
93 11 4.95
70.3 0.7
0.7
146 10  4.5 50.4  0.5 0.5
79 11 4.95
50.4 0.5
0.5
52 12 5.4
50.4 0.5
0.5
155 19  8.55 65.7  0.6 0.7
129 20  9 65.7  0.6 0.7
108 21  9.45 65.7  0.6 0.7
175 18  8.1 72.8  0.6 0.5
123 19  8.55 72.8  0.6 0.5
94 20 9
72.8 0.6
0.5
161 10  4.5 77.8  0.6 0.7
65 10 4.5
77.8 0.6
0.7
60 11 4.95
77.8 0.6
0.7
157 8 3.6
75.5 0.6
0.8
129 10  4.5 75.5  0.6 0.8
92 11 4.95
75.5 0.6
0.8
137 7 3.15
65.1 0.6
0.9
63 7 3.15
65.1 0.6
0.9
59 8 3.6
65.1 0.6
0.9
154 7 3.15
57.9 0.8
0.6
151 7 3.15
57.9 0.8
0.6
60 9 4.05
57.9 0.8
0.6
195 15  6.75 79.5  0.7 0.9
184 16  7.2 79.5  0.7 0.9
107 17  7.65 79.5  0.7 0.9
189 13  5.85 77.6  0.7 0.8
161 14  6.3 77.6  0.7 0.8
113 15  6.75 77.6  0.7 0.8
177 4 1.8
74.1 0.6
0.7
169 6 2.7
74.1 0.6
0.7
148 6 2.7
74.1 0.6
0.7
177 17  7.65 78.8  0.6 0.7
123 17  7.65 78.8  0.6 0.7
54 17 7.65
78.8 0.6
0.7
179 5 2.25
55.2 0.6
0.7
121 5 2.25
55.2 0.6
0.7
115 6 2.7
55.2 0.6
0.7
197 12  5.4 57.1  0.5 0.5
168 12  5.4 57.1  0.5 0.5
68 13 5.85
57.1 0.5
0.5
188 10  4.5 62.9  0.7 0.6
185 10  4.5 62.9  0.7 0.6
139 10  4.5 62.9  0.7 0.6
134 18  8.1 61  0.9 0.7
92 18 8.1
61 0.9  0.7
84 18 8.1
61 0.9  0.7
141 13  5.85 68.4  0.9 0.8
127 13  5.85 68.4  0.9 0.8
97 13 5.85
68.4 0.9
0.8
119 3 1.35
62.7 0.6
0.6
101 4 1.8
62.7 0.6
0.6
99 6 2.7
62.7 0.6
0.6
183 5 2.25
64 0.6  0.7
177 6 2.7
64 0.6  0.7
90 8 3.6
64 0.6  0.7
187 11  4.95 73  0.7 0.9
141 13  5.85 73  0.7 0.9
83 15 6.75
73 0.7  0.9
158 18  8.1 75.9  0.9 0.7
120 19  8.55 75.9  0.9 0.7
83 20 9
75.9 0.9
0.7
162 10  4.5 74.1  0.6 0.9
154 10  4.5 74.1  0.6 0.9
109 12  5.4 74.1  0.6 0.9
165 15  6.75 76.5  0.7 0.6
162 18  8.1 76.5  0.7 0.6
79 18 8.1
76.5 0.7
0.6
173 14  6.3 66.6  0.7 0.6
154 14  6.3 66.6  0.7 0.6
113 15  6.75 66.6  0.7 0.6
198 19  8.55 72.9  0.5 0.6
171 19  8.55 72.9  0.5 0.6
67 20 9
72.9 0.5
0.6
185 18  8.1 72.9  0.5 0.5
165 18  8.1 72.9  0.5 0.5
75 19 8.55
72.9 0.5
0.5
155 18  8.1 75.4  0.8 0.7
72 19 8.55
75.4 0.8
0.7
63 20 9
75.4 0.8
0.7
170 13  5.85 50.6  0.7 0.6
149 13  5.85 50.6  0.7 0.6
94 14 6.3
50.6 0.7
0.6
193 9 4.05
69.4 0.7
0.5
145 9 4.05
69.4 0.7
0.5
105 11  4.95 69.4  0.7 0.5
197 10  4.5 53.2  0.8 0.5
78 11 4.95
53.2 0.8
0.5
70 11 4.95
53.2 0.8
0.5
158 10  4.5 57.5  0.6 0.7
118 10  4.5 57.5  0.6 0.7
105 10  4.5 57.5  0.6 0.7
152 17  7.65 56  0.8 0.6
123 17  7.65 56  0.8 0.6
117 18  8.1 56  0.8 0.6
186 14  6.3 63.9  0.8 0.6
125 15  6.75 63.9  0.8 0.6
112 15  6.75 63.9  0.8 0.6
191 6 2.7
50.7 0.7
0.8
177 6 2.7
50.7 0.7
0.8
157 8 3.6
50.7 0.7
0.8
149 4 1.8
69.1 0.6
0.8
95 4 1.8
69.1 0.6
0.8
89 4 1.8
69.1 0.6
0.8
187 8 3.6
68.9 0.6
0.7
177 11  4.95 68.9  0.6 0.7
115 12  5.4 68.9  0.6 0.7
86 6 2.7
64.1 0.8
0.6
79 7 3.15
64.1 0.8
0.6
61 9 4.05
64.1 0.8
0.6
186 7 3.15
51.9 0.6
0.6
90 7 3.15
51.9 0.6
0.6
86 7 3.15
51.9 0.6
0.6
174 10  4.5 55.7  0.7 0.8
143 11  4.95 55.7  0.7 0.8
57 11 4.95
55.7 0.7
0.8
174 10  4.5 65.7  0.8 0.9
142 11  4.95 65.7  0.8 0.9
117 12  5.4 65.7  0.8 0.9
177 14  6.3 53.4  0.8 0.7
137 15  6.75 53.4  0.8 0.7
124 17  7.65 53.4  0.8 0.7
175 14  6.3 79  0.8 0.6
163 16  7.2 79  0.8 0.6
158 16  7.2 79  0.8 0.6
112 11  4.95 51.9  0.8 0.5
111 12  5.4 51.9  0.8 0.5
102 14  6.3 51.9  0.8 0.5
190 14  6.3 53.9  0.5 0.7
126 14  6.3 53.9  0.5 0.7
71 15 6.75
53.9 0.5
0.7
189 9 4.05
80 0.6  0.7
171 9 4.05
80 0.6  0.7
142 11  4.95 80  0.6 0.7
197 16  7.2 59.2  0.5 0.8
141 16  7.2 59.2  0.5 0.8
86 18 8.1
59.2 0.5
0.8
137 4 1.8
58.5 0.5
0.7
73 5 2.25
58.5 0.5
0.7
64 6 2.7
58.5 0.5
0.7
158 11  4.95 76.5  0.8 0.8
118 11  4.95 76.5  0.8 0.8
61 11 4.95
76.5 0.8
0.8
161 14  6.3 74.7  0.6 0.6
89 14 6.3
74.7 0.6
0.6
62 15 6.75
74.7 0.6
0.6
197 4 1.8
55.5 0.6
0.7
129 5 2.25
55.5 0.6
0.7
108 6 2.7
55.5 0.6
0.7
195 5 2.25
57.9 0.6
0.7
185 5 2.25
57.9 0.6
0.7
165 5 2.25
57.9 0.6
0.7
146 14  6.3 74.6  0.8 0.8
116 14  6.3 74.6  0.8 0.8
115 14  6.3 74.6  0.8 0.8
190 5 2.25
60.7 0.5
0.6
127 6 2.7
60.7 0.5
0.6
55 6 2.7
60.7 0.5
0.6
148 6 2.7
77.6 0.6
0.8
141 8 3.6
77.6 0.6
0.8
59 8 3.6
77.6 0.6
0.8
139 6 2.7
67.3 0.5
0.6
127 7 3.15
67.3 0.5
0.6
74 7 3.15
67.3 0.5
0.6
129 13  5.85 57.7  0.6 0.6
91 13 5.85
57.7 0.6
0.6
55 13 5.85
57.7 0.6
0.6
188 8 3.6
68 0.5  0.7
172 10  4.5 68  0.5 0.7
149 11  4.95 68  0.5 0.7
185 8 3.6
65.7 0.6
0.8
159 10  4.5 65.7  0.6 0.8
157 11  4.95 65.7  0.6 0.8
195 17  7.65 57.6  0.7 0.7
123 18  8.1 57.6  0.7 0.7
57 19 8.55
57.6 0.7
0.7
159 15  6.75 57.2  0.7 0.7
117 15  6.75 57.2  0.7 0.7
85 15 6.75
57.2 0.7
0.7
133 18  8.1 64.5  0.8 0.8
127 19  8.55 64.5  0.8 0.8
86 20 9
64.5 0.8
0.8
176 5 2.25
55.8 0.7
0.8
129 6 2.7
55.8 0.7
0.8
71 6 2.7
55.8 0.7
0.8
170 17  7.65 64.7  0.7 0.5
67 19 8.55
64.7 0.7
0.5
54 19 8.55
64.7 0.7
0.5
198 6 2.7
50.9 0.9
0.7
110 7 3.15
50.9 0.9
0.7
74 7 3.15
50.9 0.9
0.7
175 10  4.5 65.9  0.6 0.6
151 11  4.95 65.9  0.6 0.6
88 13 5.85
65.9 0.6
0.6
187 7 3.15
71.4 0.5
0.8
130 8 3.6
71.4 0.5
0.8
98 9 4.05
71.4 0.5
0.8
134 19  8.55 67  0.6 0.7
130 20  9 67 0.6
0.7
71 22 9.9
67 0.6  0.7
111 18  8.1 50.2  0.8 0.6
108 18  8.1 50.2  0.8 0.6
91 19 8.55
50.2 0.8
0.6
159 4 1.8
78.1 0.7
0.9
115 5 2.25
78.1 0.7
0.9
93 6 2.7
78.1 0.7
0.9
144 9 4.05
62.5 0.6
0.8
82 10 4.5
62.5 0.6
0.8
69 10 4.5
62.5 0.6
0.8
187 18  8.1 77.7  0.6 0.6
166 18  8.1 77.7  0.6 0.6
102 21  9.45 77.7  0.6 0.6
155 10  4.5 54.8  0.8 0.7
144 11  4.95 54.8  0.8 0.7
58 12 5.4
54.8 0.8
0.7
183 10  4.5 50.6  0.7 0.8
175 10  4.5 50.6  0.7 0.8
142 11  4.95 50.6  0.7 0.8
131 17  7.65 65.4  0.9 0.6
90 18 8.1
65.4 0.9
0.6
90 19 8.55
65.4 0.9
0.6
142 6 2.7
53.1 0.7
0.7
120 7 3.15
53.1 0.7
0.7
96 7 3.15
53.1 0.7
0.7
167 13  5.85 74.7  0.7 0.9
150 14  6.3 74.7  0.7 0.9
108 17  7.65 74.7  0.7 0.9
119 13  5.85 56.3  0.7 0.7
88 15 6.75
56.3 0.7
0.7
70 16 7.2
56.3 0.7
0.7
194 4 1.8
53.5 0.7
0.8
191 5 2.25
53.5 0.7
0.8
177 6 2.7
53.5 0.7
0.8
173 10  4.5 75.5  0.8 0.7
172 10  4.5 75.5  0.8 0.7
157 11  4.95 75.5  0.8 0.7
152 17  7.65 57.7  0.5 0.5
88 19 8.55
57.7 0.5
0.5
84 20 9
57.7 0.5
0.5
161 14  6.3 66  0.6 0.6
109 15  6.75 66  0.6 0.6
51 16 7.2
66 0.6  0.6
124 12  5.4 78.1  0.9 0.6
108 13  5.85 78.1  0.9 0.6
92 13 5.85
78.1 0.9
0.6
191 13  5.85 51.3  0.8 0.6
188 13  5.85 51.3  0.8 0.6
159 14  6.3 51.3  0.8 0.6
140 8 3.6
62.2 0.7
0.7
131 11  4.95 62.2  0.7 0.7
112 11  4.95 62.2  0.7 0.7
149 9 4.05
51 0.8  0.5
142 10  4.5 51  0.8 0.5
116 11  4.95 51  0.8 0.5
178 14  6.3 52.1  0.5 0.8
151 14  6.3 52.1  0.5 0.8
105 15  6.75 52.1  0.5 0.8
139 4 1.8
54.6 0.6
0.7
110 4 1.8
54.6 0.6
0.7
52 7 3.15
54.6 0.6
0.7
135 8 3.6
73 0.6  0.5
133 9 4.05
73 0.6  0.5
51 10 4.5
73 0.6  0.5
145 18  8.1 69.5  0.9 0.8
69 20 9
69.5 0.9
0.8
66 20 9
69.5 0.9
0.8
190 10  4.5 78.9  0.9 0.8
152 10  4.5 78.9  0.9 0.8
118 11  4.95 78.9  0.9 0.8
174 4 1.8
52.6 0.9
0.6
118 5 2.25
52.6 0.9
0.6
86 6 2.7
52.6 0.9
0.6
132 10  4.5 68  0.8 0.8
104 12  5.4 68  0.8 0.8
79 13 5.85
68 0.8  0.8
154 3 1.35
78.9 0.7
0.7
116 3 1.35
78.9 0.7
0.7
82 6 2.7
78.9 0.7
0.7
179 5 2.25
55.8 0.6
0.6
160 7 3.15
55.8 0.6
0.6
132 8 3.6
55.8 0.6
0.6
131 12  5.4 66  0.6 0.8
130 14  6.3 66  0.6 0.8
116 15  6.75 66  0.6 0.8
162 10  4.5 69.2  0.7 0.8
149 10  4.5 69.2  0.7 0.8
71 11 4.95
69.2 0.7
0.8
160 13  5.85 52.3  0.5 0.8
151 14  6.3 52.3  0.5 0.8
120 16  7.2 52.3  0.5 0.8
180 8 3.6
67.6 0.7
0.7
155 9 4.05
67.6 0.7
0.7
152 10  4.5 67.6  0.7 0.7
157 13  5.85 59.3  0.7 0.6
99 15 6.75
59.3 0.7
0.6
88 16 7.2
59.3 0.7
0.6
179 12  5.4 67.7  0.7 0.5
171 12  5.4 67.7  0.7 0.5
91 15 6.75
67.7 0.7
0.5
120 15  6.75 64.1  0.8 0.8
60 16 7.2
64.1 0.8
0.8
52 18 8.1
64.1 0.8
0.8
165 12  5.4 65.1  0.9 0.6
74 14 6.3
65.1 0.9
0.6
72 15 6.75
65.1 0.9
0.6
119 14  6.3 71.5  0.7 0.7
96 15 6.75
71.5 0.7
0.7
63 16 7.2
71.5 0.7
0.7
194 11  4.95 66.4  0.6 0.6
159 13  5.85 66.4  0.6 0.6
66 14 6.3
66.4 0.6
0.6
100 4 1.8
73 0.7  0.6
92 5 2.25
73 0.7  0.6
58 6 2.7
73 0.7  0.6
175 19  8.55 60.5  0.8 0.5
134 20  9 60.5  0.8 0.5
90 20 9
60.5 0.8
0.5
186 19  8.55 61.5  0.8 0.5
154 20  9 61.5  0.8 0.5
128 20  9 61.5  0.8 0.5
193 17  7.65 61.2  0.9 0.6
98 18 8.1
61.2 0.9
0.6
51 18 8.1
61.2 0.9
0.6
176 7 3.15
70.7 0.6
0.5
144 8 3.6
70.7 0.6
0.5
113 9 4.05
70.7 0.6
0.5
157 8 3.6
69.5 0.7
0.6
55 9 4.05
69.5 0.7
0.6
54 10 4.5
69.5 0.7
0.6
184 10  4.5 64  0.9 0.6
151 14  6.3 64  0.9 0.6
143 15  6.75 64  0.9 0.6
191 4 1.8
54.4 0.6
0.6
189 5 2.25
54.4 0.6
0.6
135 7 3.15
54.4 0.6
0.6
164 17  7.65 62.2  0.9 0.7
102 17  7.65 62.2  0.9 0.7
63 18 8.1
62.2 0.9
0.7
141 9 4.05
56 0.9  0.5
136 9 4.05
56 0.9  0.5
87 10 4.5
56 0.9  0.5
188 13  5.85 73  0.7 0.8
180 14  6.3 73  0.7 0.8
72 14 6.3
73 0.7  0.8
137 5 2.25
79.6 0.8
0.6
117 5 2.25
79.6 0.8
0.6
80 6 2.7
79.6 0.8
0.6
180 10  4.5 78.4  0.7 0.8
96 10 4.5
78.4 0.7
0.8
54 11 4.95
78.4 0.7
0.8
186 18  8.1 74.4  0.9 0.6
164 19  8.55 74.4  0.9 0.6
73 19 8.55
74.4 0.9
0.6
167 4 1.8
78 0.6  0.8
162 4 1.8
78 0.6  0.8
142 6 2.7
78 0.6  0.8
166 10  4.5 72  0.6 0.8
147 11  4.95 72  0.6 0.8
106 11  4.95 72  0.6 0.8
122 9 4.05
78.7 0.7
0.8
110 9 4.05
78.7 0.7
0.8
87 10 4.5
78.7 0.7
0.8
178 10  4.5 74.1  0.6 0.6
177 11  4.95 74.1  0.6 0.6
56 11 4.95
74.1 0.6
0.6
196 4 1.8
71 0.8  0.6
120 5 2.25
71 0.8  0.6
75 5 2.25
71 0.8  0.6
167 11  4.95 53.6  0.8 0.5
102 12  5.4 53.6  0.8 0.5
58 13 5.85
53.6 0.8
0.5
181 17  7.65 58.8  0.8 0.8
148 18  8.1 58.8  0.8 0.8
115 19  8.55 58.8  0.8 0.8
187 4 1.8
51.4 0.8
0.7
133 5 2.25
51.4 0.8
0.7
66 5 2.25
51.4 0.8
0.7
183 16  7.2 71.4  0.6 0.8
169 19  8.55 71.4  0.6 0.8
86 19 8.55
71.4 0.6
0.8
132 14  6.3 71.8  0.6 0.6
67 14 6.3
71.8 0.6
0.6
55 15 6.75
71.8 0.6
0.6
180 9 4.05
53.7 0.9
0.5
82 9 4.05
53.7 0.9
0.5
81 9 4.05
53.7 0.9
0.5
189 4 1.8
68.9 0.7
0.6
188 5 2.25
68.9 0.7
0.6
117 6 2.7
68.9 0.7
0.6
152 12  5.4 54.5  0.9 0.8
145 13  5.85 54.5  0.9 0.8
107 13  5.85 54.5  0.9 0.8
159 18  8.1 70.8  0.7 0.7
105 19  8.55 70.8  0.7 0.7
69 19 8.55
70.8 0.7
0.7
120 17  7.65 62.9  0.8 0.8
85 19 8.55
62.9 0.8
0.8
83 19 8.55
62.9 0.8
0.8
169 10  4.5 50.2  0.8 0.8
113 10  4.5 50.2  0.8 0.8
80 11 4.95
50.2 0.8
0.8
170 13  5.85 76  0.7 0.7
107 13  5.85 76  0.7 0.7
77 14 6.3
76 0.7  0.7
114 10  4.5 54.7  0.7 0.7
100 10  4.5 54.7  0.7 0.7
89 11 4.95
54.7 0.7
0.7
165 14  6.3 76.6  0.6 0.7
159 14  6.3 76.6  0.6 0.7
114 16  7.2 76.6  0.6 0.7
181 12  5.4 71.5  0.6 0.5
161 13  5.85 71.5  0.6 0.5
55 14 6.3
71.5 0.6
0.5
171 4 1.8
55 0.7  0.6
126 5 2.25
55 0.7  0.6
82 6 2.7
55 0.7  0.6
148 14  6.3 51.4  0.8 0.8
94 15 6.75
51.4 0.8
0.8
91 16 7.2
51.4 0.8
0.8
170 7 3.15
72.9 0.9
0.6
129 9 4.05
72.9 0.9
0.6
93 9 4.05
72.9 0.9
0.6
193 5 2.25
50 0.6  0.6
86 5 2.25
50 0.6  0.6
58 5 2.25
50 0.6  0.6
169 11  4.95 76.3  0.6 0.6
130 12  5.4 76.3  0.6 0.6
119 12  5.4 76.3  0.6 0.6
190 9 4.05
69.2 0.9
0.8
188 9 4.05
69.2 0.9
0.8
153 10  4.5 69.2  0.9 0.8
172 15  6.75 78.6  0.8 0.6
131 16  7.2 78.6  0.8 0.6
53 17 7.65
78.6 0.8
0.6
